170 6 40 161 163 33 67 18 92 39 15 2.34
0 2 5 6 7 9 10 16 18 19 23 28 35 36 37 38 42 43 45 46 48 49 51 52 53 55 57 58 61 63 64 66 68 70 74 76 77 79 83 86 87 88 89 90 93 97 98 99 100 101 102 103 105 106 107 108 110 112 115 117 120 121 123 125 126 128 129 130 133 136 137 138 141 142 143 148 150 151 152 153 155 157 158 159 160 161 166 168 169 170 171 174 175 177 179 180 182 183 184 188 192 194 195 197 198 199 0.67
1 0 2 4 7 8 10 13 14 15 16 18 19 21 23 25 28 31 32 34 36 37 40 41 44 46 48 50 51 55 56 57 58 59 62 63 64 71 72 73 74 76 78 80 81 82 83 85 86 87 88 89 90 94 97 98 100 101 102 103 105 106 107 109 112 114 117 121 122 124 128 129 132 133 136 137 138 139 140 141 142 143 145 147 148 149 151 153 154 156 164 165 166 167 168 169 171 172 174 175 176 180 182 186 188 189 190 192 194 195 197 198 199 0.66
2 3 7 8 10 16 18 19 20 25 26 27 30 31 34 35 36 40 42 44 45 46 47 48 49 51 54 55 58 61 62 63 65 68 69 74 77 79 82 83 85 86 88 89 91 93 95 97 98 99 100 103 104 106 107 108 109 112 114 118 120 122 124 128 129 130 131 135 136 138 139 141 142 143 144 145 147 148 151 152 153 154 157 159 163 164 167 168 171 172 173 178 179 180 181 183 189 190 191 193 198 0.44
3 1 6 7 10 11 12 13 15 16 17 18 19 24 29 30 34 36 37 43 47 49 50 55 57 60 65 69 71 72 73 74 77 80 84 86 87 88 89 92 94 96 100 102 105 106 107 109 110 111 112 115 116 117 119 121 124 129 132 133 134 136 137 139 142 143 144 145 146 150 151 152 153 155 158 164 165 167 168 171 172 176 177 178 179 180 185 187 188 190 192 194 195 196 198 199 0.09
4 0 2 7 8 9 12 13 16 17 19 23 24 27 28 29 32 35 36 39 42 44 49 50 51 52 53 55 56 57 58 64 68 74 76 78 82 84 88 90 91 92 93 95 99 100 103 105 106 107 108 110 113 114 116 119 120 124 126 128 136 137 138 143 144 146 149 152 154 155 156 158 161 171 172 174 175 176 178 179 180 181 183 184 185 186 187 190 198 1.0
5 1 3 6 7 8 11 12 13 15 16 18 19 20 23 25 26 29 30 31 32 33 34 38 39 40 41 42 43 45 48 49 50 52 53 54 55 56 61 63 65 67 68 69 73 74 78 80 82 83 84 87 88 90 92 95 96 99 100 101 102 103 104 106 107 109 111 116 117 118 119 121 122 125 127 128 129 131 133 134 138 139 140 142 144 146 150 151 152 154 155 156 157 158 159 161 163 165 166 167 169 172 173 174 175 176 177 180 181 182 185 186 187 188 190 191 194 197 198 199 0.12
6 2 7 10 13 14 16 19 20 22 23 24 26 27 28 29 31 36 38 41 43 44 45 47 49 50 55 63 64 70 71 73 77 78 79 81 82 83 89 91 97 98 99 101 103 107 108 109 110 112 113 114 115 117 118 119 120 121 123 125 127 128 130 131 132 137 138 139 140 143 144 147 149 151 152 154 159 162 166 167 170 172 173 174 175 178 179 180 182 183 188 189 190 193 196 197 199 0.01
7 9 11 12 14 17 18 19 20 21 22 23 24 25 30 31 32 34 35 37 40 41 42 43 44 47 48 49 50 51 52 53 54 58 60 64 66 67 68 70 72 73 75 76 78 82 86 87 89 92 95 96 97 107 112 114 118 120 124 126 127 128 129 131 133 134 135 136 141 142 144 146 151 152 154 155 157 158 159 160 162 164 165 166 170 174 176 177 180 181 182 183 184 185 187 188 190 191 192 193 194 195 196 197 199 0.39
8 0 6 10 12 13 14 15 16 17 19 22 23 25 26 29 31 33 37 38 39 41 42 43 44 47 54 58 61 63 64 66 67 71 72 79 80 81 82 84 85 86 87 89 93 94 97 98 99 100 102 104 105 106 107 108 109 110 111 114 116 119 120 121 123 124 126 129 132 134 135 136 137 142 144 145 147 151 152 153 155 156 159 160 161 162 163 164 165 166 167 168 169 170 171 172 174 175 179 180 183 186 188 190 194 195 196 0.73
9 2 8 10 11 12 15 17 19 22 24 25 27 28 29 31 32 34 35 37 40 41 42 43 44 46 47 49 51 53 54 55 57 58 61 67 72 73 74 76 78 82 84 86 87 88 90 91 92 94 96 99 103 105 108 109 111 115 117 118 119 120 125 126 127 128 135 138 139 140 141 144 147 149 158 159 160 164 166 167 168 170 172 173 177 178 179 180 181 183 184 187 188 190 192 196 199 0.71
10 4 7 12 13 14 15 16 17 18 21 23 24 25 26 27 30 31 32 34 35 36 37 38 39 40 41 42 43 46 48 49 50 54 58 63 64 66 67 70 72 77 78 79 80 85 88 91 99 100 102 103 104 105 107 109 110 111 112 113 114 119 120 121 125 126 128 129 131 132 133 135 136 141 143 144 148 149 151 155 156 157 161 164 165 166 167 168 169 173 176 177 178 181 184 185 186 187 188 189 190 192 194 195 196 199 0.02
11 0 4 8 12 15 16 17 18 19 24 25 26 27 28 32 33 34 36 37 39 42 43 44 46 48 51 55 56 58 60 64 68 70 75 76 77 81 84 85 86 87 88 90 91 93 94 96 98 99 104 107 110 114 115 117 119 121 122 123 126 128 129 130 131 136 138 139 142 143 144 146 148 155 156 158 159 162 166 167 171 173 174 176 180 181 185 186 188 190 196 199 0.09
12 0 16 17 19 21 23 25 29 30 32 33 35 36 37 38 39 40 41 42 43 45 46 48 50 55 62 63 65 66 69 70 73 75 77 80 83 84 85 88 91 95 96 99 100 103 106 109 110 113 114 115 116 117 118 120 123 126 127 128 132 134 135 138 140 141 143 145 146 149 151 152 154 156 157 158 159 161 162 163 165 166 168 169 170 174 176 178 179 180 181 182 183 184 185 188 190 192 195 199 0.51
13 2 12 14 15 18 21 25 27 30 31 32 33 35 38 39 42 49 50 51 53 54 55 56 58 67 68 72 73 74 75 76 78 79 80 81 82 84 86 88 90 91 94 96 98 99 100 104 107 108 109 111 112 113 115 116 118 119 122 124 127 132 134 135 139 141 143 145 147 148 149 159 162 163 164 166 167 169 170 172 174 175 179 180 182 183 184 185 187 189 190 192 193 196 197 199 0.51
14 9 12 17 18 19 21 22 23 25 26 29 31 33 34 36 38 43 47 48 49 51 53 56 57 58 59 61 63 64 65 70 71 73 74 75 76 77 78 79 80 82 83 87 89 90 91 96 98 100 101 102 103 105 109 111 112 116 121 123 126 127 130 131 132 133 135 136 137 138 140 143 145 146 150 151 157 159 160 163 166 167 173 174 175 176 181 182 183 184 185 186 187 189 195 197 198 0.14
15 0 6 7 14 17 18 19 21 25 27 28 29 32 34 35 36 39 40 41 44 46 50 53 54 56 57 58 60 61 64 67 68 71 73 74 76 77 78 79 80 83 86 89 91 92 93 96 97 99 100 101 103 105 106 108 110 112 113 114 118 120 121 123 124 125 126 127 128 129 130 131 132 133 134 136 139 140 144 148 149 151 153 154 156 157 158 161 163 164 168 169 170 171 172 175 177 178 182 183 184 190 193 196 199 0.85
16 13 17 21 22 25 26 27 28 31 32 33 34 40 41 42 43 46 47 53 54 55 56 57 60 62 63 64 70 75 76 77 78 80 82 84 86 87 90 94 97 98 99 103 104 105 109 110 112 120 123 125 129 131 133 134 135 139 142 143 145 147 148 150 152 154 155 159 161 163 165 166 167 169 170 171 174 176 177 179 180 181 182 183 185 186 189 193 195 196 199 0.57
17 0 5 18 19 20 21 22 23 24 25 28 29 33 38 40 41 42 44 45 48 53 59 60 61 62 63 65 67 68 70 71 72 73 76 78 79 83 85 86 88 89 91 93 95 96 98 101 103 107 109 110 111 112 113 115 117 118 120 122 123 124 127 128 129 131 132 136 139 140 142 143 144 145 151 152 155 158 161 162 163 164 167 168 171 172 174 176 177 180 183 184 186 187 192 193 194 195 197 198 199 0.34
18 4 6 20 21 22 23 25 27 28 29 33 37 38 40 41 44 45 46 48 49 53 54 55 57 58 59 60 61 63 64 65 67 68 69 71 72 75 76 78 79 81 82 87 90 91 93 96 97 98 99 102 105 107 108 109 112 119 121 122 125 131 132 133 135 138 139 141 142 145 146 148 150 152 153 154 163 164 165 167 168 169 174 176 177 180 181 182 183 184 185 186 187 190 192 193 196 198 199 0.38
19 16 20 21 23 26 29 30 31 33 37 42 44 45 47 49 50 52 53 55 56 57 58 59 60 63 64 70 75 76 77 81 85 87 93 94 96 97 100 101 103 105 107 110 112 115 118 120 127 131 132 136 140 141 142 145 148 150 152 153 154 155 156 157 161 164 165 166 167 171 174 178 180 182 188 189 190 191 192 194 197 198 0.46
20 0 1 3 8 9 11 13 23 28 29 34 38 39 41 42 44 46 47 52 55 56 57 59 61 62 64 66 67 68 76 77 78 79 81 82 84 87 89 90 92 93 95 98 101 102 109 110 111 112 113 114 115 117 118 121 124 126 127 129 130 132 133 138 139 143 144 146 149 152 154 156 160 162 163 165 169 170 172 176 177 178 179 180 182 183 184 186 189 192 193 194 196 198 199 0.05
21 0 2 3 4 8 9 11 22 23 26 28 32 33 35 36 37 40 42 43 48 49 52 53 55 56 58 59 61 65 67 68 69 71 74 75 76 79 80 81 84 86 89 90 93 96 97 100 101 106 110 112 116 117 120 123 124 125 126 130 133 135 136 137 139 140 141 142 143 144 145 146 147 151 152 153 154 155 156 157 158 159 160 163 164 168 170 171 172 173 174 175 176 177 178 179 182 185 189 190 192 194 195 197 198 0.58
22 1 10 11 13 24 26 29 31 32 33 36 37 40 41 42 43 52 53 55 59 64 65 67 69 77 78 79 85 87 88 89 90 91 92 93 94 96 97 102 103 105 109 110 111 112 116 117 121 125 126 127 128 133 134 137 138 142 143 144 146 147 149 150 151 152 153 157 160 161 164 168 169 170 171 173 174 175 178 182 185 186 187 189 191 195 197 198 199 0.3
23 2 3 11 15 16 25 26 28 29 30 31 34 35 36 38 40 41 42 43 44 45 47 48 50 52 53 54 58 59 60 61 66 67 68 70 71 72 75 76 77 78 80 85 86 88 89 90 91 94 95 96 97 98 99 103 104 107 108 110 111 113 118 120 122 123 125 126 127 128 129 132 135 138 141 144 145 146 149 150 151 153 154 155 156 157 161 162 163 164 165 168 172 176 177 178 180 182 187 188 190 192 194 195 197 199 0.54
24 1 5 8 14 16 21 25 29 30 31 33 35 36 37 39 40 41 42 44 45 49 52 53 55 57 58 60 67 68 69 70 72 74 78 79 81 82 83 84 85 89 94 97 98 101 102 103 105 107 109 111 112 117 118 120 123 124 125 128 132 136 137 139 140 142 144 147 148 149 150 151 152 154 155 157 159 160 162 165 166 169 170 172 173 174 175 176 178 179 180 182 183 185 187 188 189 190 193 194 195 196 197 198 0.98
25 6 20 21 22 30 33 34 35 36 38 39 40 44 47 49 50 51 52 53 54 55 56 61 62 64 71 75 80 82 83 86 87 88 89 91 93 95 99 100 101 102 104 109 112 115 116 119 122 126 127 128 130 133 138 139 142 144 145 146 149 150 151 154 155 156 157 158 159 160 161 167 168 174 176 179 182 184 185 186 188 189 191 193 196 198 0.6
26 0 3 4 7 9 13 15 17 18 24 28 30 32 33 34 35 36 40 43 44 45 47 49 54 56 61 64 65 66 67 68 71 72 75 76 77 78 80 84 86 87 88 90 92 93 95 96 97 98 99 102 104 105 107 113 114 116 119 120 121 122 124 125 126 127 128 129 130 132 134 137 142 143 146 149 150 151 152 157 158 163 164 166 168 169 170 172 174 177 179 182 185 187 188 189 191 192 193 194 197 198 199 0.75
27 0 1 3 5 7 14 17 21 22 23 26 28 29 31 32 34 35 36 37 38 39 43 44 46 48 49 50 51 52 56 57 58 61 62 68 71 74 79 85 90 91 92 93 94 97 98 101 106 107 108 110 111 112 116 117 118 121 123 125 126 134 135 137 139 141 142 144 145 152 154 156 159 160 164 167 168 169 171 173 176 177 183 186 188 189 194 199 0.8
28 2 7 12 22 25 29 30 32 38 39 41 42 43 45 46 48 51 61 65 66 69 71 78 80 82 86 88 89 90 92 93 94 96 97 98 100 102 105 106 109 110 112 114 116 119 120 121 122 123 124 126 127 129 130 133 134 137 139 141 142 144 145 151 154 155 157 158 159 160 161 162 163 164 170 171 172 173 174 175 176 177 178 179 181 183 185 186 187 191 192 194 196 197 198 199 0.91
29 0 1 11 16 26 31 32 34 35 37 40 41 45 46 51 52 53 54 55 59 61 64 66 68 69 70 72 74 75 77 78 82 83 86 87 88 89 91 93 94 97 98 99 104 107 108 109 110 111 113 115 116 117 118 120 121 124 125 127 128 129 130 133 139 140 142 144 147 149 150 151 152 153 154 155 160 164 165 169 170 171 173 174 175 176 178 186 187 189 190 194 195 196 198 199 0.86
30 0 1 4 6 9 11 15 18 22 27 29 31 32 34 38 42 43 51 53 54 55 59 60 61 62 63 64 65 66 71 72 73 74 79 80 81 82 85 86 87 90 95 96 98 99 101 104 105 107 109 110 113 117 120 123 124 125 127 128 130 131 135 137 141 143 144 146 148 149 150 151 152 153 154 155 157 159 161 164 165 169 173 177 178 181 184 188 192 193 197 199 0.37
31 11 15 18 25 26 28 33 34 35 36 37 39 40 42 47 49 51 53 55 57 59 60 61 62 64 66 67 72 73 75 77 78 79 81 83 84 85 86 90 92 94 96 100 106 107 111 112 114 115 116 117 118 119 120 122 124 126 128 132 133 137 138 139 141 142 143 144 146 159 160 162 163 164 165 170 171 172 174 175 179 180 186 188 189 190 191 192 195 196 198 199 0.14
32 2 3 6 14 25 33 34 35 36 37 38 43 46 47 50 54 55 56 58 60 64 66 70 72 73 74 76 77 78 80 81 84 86 88 89 94 95 98 99 100 102 103 104 105 106 107 108 109 110 111 112 113 115 117 119 120 121 123 124 126 129 134 136 137 138 139 146 148 149 155 158 161 164 166 167 169 170 171 172 175 176 182 185 186 188 190 191 195 196 197 198 0.38
33 0 3 7 23 27 28 35 36 38 44 46 47 50 52 53 54 55 59 60 61 65 66 68 69 70 73 74 77 78 79 80 82 83 86 87 91 94 95 96 98 101 102 104 105 107 108 109 111 119 121 123 124 125 126 131 132 136 138 139 140 142 143 152 153 154 155 156 160 161 164 165 166 167 171 177 180 181 183 184 188 189 191 192 198 199 0.03
34 8 18 21 33 36 37 39 41 42 43 45 50 51 52 57 58 59 61 62 63 64 65 66 68 70 71 75 76 79 80 83 84 88 92 94 96 98 99 102 103 107 109 111 112 113 117 118 120 123 127 128 131 132 133 134 135 138 146 149 151 153 154 157 158 159 160 161 163 164 165 168 169 172 174 176 177 178 179 182 184 186 187 188 191 193 194 195 197 199 0.4
35 3 11 16 17 19 28 34 37 39 40 41 43 44 45 46 48 53 55 56 59 65 66 67 70 71 85 86 87 90 92 93 95 99 101 103 104 105 109 110 111 112 114 115 116 118 119 120 121 123 126 129 131 135 136 140 141 145 147 150 156 157 160 162 165 167 168 172 173 175 177 180 185 186 187 190 193 194 195 0.53
36 5 7 8 13 37 39 41 42 44 45 47 48 49 50 51 54 56 57 59 63 64 66 69 71 75 77 79 82 84 92 93 97 98 100 101 103 107 113 114 115 116 117 118 120 123 124 129 130 137 139 140 141 146 147 148 149 150 151 153 154 157 159 160 162 163 167 168 174 175 177 178 180 182 185 187 189 191 195 198 0.68
37 2 4 5 15 16 20 23 25 28 38 39 43 44 45 46 49 51 53 54 55 57 58 63 64 66 68 69 71 72 74 77 79 83 84 85 86 92 95 97 98 103 104 105 106 107 108 111 112 114 115 116 117 119 124 127 128 130 132 133 136 138 139 142 143 144 145 146 152 153 155 158 159 160 162 166 168 170 173 174 175 176 177 180 183 184 185 186 187 188 189 191 194 196 198 0.68
38 1 2 7 9 22 26 29 31 34 35 36 40 41 42 43 45 46 47 50 53 56 59 60 61 62 64 66 68 69 70 72 74 75 77 80 81 82 83 84 85 86 87 90 93 94 96 98 99 103 107 108 115 116 119 120 121 123 126 127 131 132 134 136 137 141 144 145 146 148 151 160 164 167 169 173 175 176 177 179 180 182 183 184 185 186 188 189 191 192 193 194 196 197 199 0.59
39 19 22 23 26 29 38 41 48 51 52 53 54 55 56 57 59 61 62 63 66 67 71 72 73 74 75 76 78 79 80 81 82 83 84 86 87 89 92 95 96 97 98 100 102 104 105 107 108 110 113 115 117 124 126 129 132 133 134 135 138 140 145 147 148 149 152 155 157 161 163 164 165 173 175 176 177 178 180 182 184 185 186 188 189 191 192 195 198 199 0.6
40 6 11 13 14 19 27 32 34 36 37 42 45 47 48 51 54 59 60 62 66 69 71 72 73 74 75 76 77 79 82 83 84 88 89 93 94 96 97 98 99 100 101 106 107 109 112 113 117 119 123 124 127 129 132 133 134 140 142 144 145 146 149 150 151 152 155 156 157 158 160 168 170 172 174 176 177 179 180 181 183 184 187 188 189 193 194 196 199 0.01
41 0 2 4 21 25 26 27 30 31 40 42 44 46 53 55 56 60 61 63 65 67 69 71 73 75 76 78 79 80 81 82 85 87 89 90 92 93 94 96 100 102 104 105 106 107 108 110 111 113 114 115 117 118 121 122 123 124 126 128 129 132 133 134 136 138 139 140 141 142 144 145 148 149 151 153 154 156 157 159 161 165 166 167 168 171 172 175 176 179 180 181 185 186 188 189 192 195 0.86
42 14 18 26 27 32 39 43 44 46 48 49 50 55 56 58 59 61 63 64 66 68 69 74 77 78 80 82 83 84 85 86 90 93 94 95 96 100 101 102 103 104 105 107 108 111 112 114 115 116 117 118 119 121 122 125 126 127 128 130 131 132 134 135 136 137 138 139 140 142 143 147 148 152 153 157 158 159 162 166 167 169 170 172 176 177 180 188 190 191 193 194 195 196 198 0.47
43 1 19 29 33 36 46 47 49 53 56 57 58 59 60 61 64 65 70 71 74 77 78 79 80 81 86 88 90 92 93 97 99 101 102 103 105 108 111 112 115 118 119 120 122 123 125 126 131 133 135 136 137 139 142 144 145 146 147 150 155 156 161 162 163 165 168 169 170 171 174 176 178 179 180 182 184 185 186 189 190 191 193 194 195 196 198 199 0.52
44 0 3 10 12 13 22 29 31 32 38 43 45 47 49 50 51 53 55 59 60 62 64 69 70 71 74 75 77 79 82 83 84 85 86 87 88 90 95 97 99 101 102 103 104 106 108 109 110 112 114 116 117 119 122 125 126 127 128 130 131 132 135 136 137 138 139 142 143 146 150 151 152 154 156 159 160 161 163 164 172 174 178 182 183 184 185 186 187 192 194 196 197 199 0.48
45 1 3 7 9 11 14 20 21 25 27 30 31 32 33 39 42 47 48 49 50 51 53 55 59 60 61 63 64 67 68 69 71 78 79 81 83 84 85 90 91 94 95 96 97 99 100 101 102 104 105 106 108 109 111 112 114 116 119 122 123 124 126 127 129 130 132 133 136 140 142 144 147 148 150 152 153 156 158 160 162 163 164 167 169 171 173 174 175 177 180 182 183 184 185 186 191 192 194 195 198 199 0.59
46 3 4 7 17 19 22 24 30 31 45 49 50 51 52 58 59 64 65 68 70 71 72 75 76 77 79 84 88 89 91 94 97 99 100 103 105 107 109 110 111 112 116 119 120 121 123 126 127 130 132 135 136 137 139 140 141 142 143 146 147 148 149 150 151 153 157 163 165 166 171 172 173 175 177 178 181 182 183 189 191 192 199 0.85
47 0 1 4 5 12 13 15 24 28 35 37 39 41 46 49 53 54 56 57 58 59 61 66 67 68 70 72 73 74 77 78 82 85 86 89 90 91 93 94 96 98 99 101 103 106 107 110 111 112 114 116 117 118 123 126 128 132 133 134 135 137 139 140 152 155 156 157 159 160 162 163 170 176 177 179 180 181 182 183 185 186 187 188 189 190 191 193 198 199 0.33
48 3 6 13 15 16 22 26 29 31 32 34 43 44 46 47 49 50 51 52 53 56 57 64 67 69 70 72 73 75 76 77 79 82 85 86 87 88 89 90 91 95 96 97 101 103 104 105 108 109 112 113 114 116 118 119 120 123 124 126 128 129 132 133 134 139 141 143 144 145 146 147 149 150 154 159 164 165 166 167 168 172 174 175 177 181 182 183 189 191 192 198 199 0.21
49 8 12 22 23 33 38 39 40 41 50 51 53 55 57 59 60 61 62 66 67 71 75 77 78 79 81 83 84 85 86 87 91 92 93 94 95 96 98 99 100 101 103 104 106 109 110 112 113 116 119 120 122 123 124 125 126 129 131 134 136 137 141 142 147 148 151 152 154 156 159 164 165 166 168 171 174 176 177 178 180 181 188 190 191 192 193 194 196 198 0.49
50 0 2 14 16 17 20 22 24 26 28 29 31 37 40 53 54 56 57 60 62 63 66 67 68 71 73 75 76 77 78 80 85 88 92 95 96 99 100 103 104 106 108 110 113 114 115 117 121 122 124 125 127 129 131 132 133 137 139 140 142 144 145 146 150 151 152 153 154 156 157 158 160 162 164 167 170 173 175 177 178 180 182 184 185 188 190 192 194 195 0.25
51 3 5 6 12 15 17 19 21 22 23 24 26 32 42 50 55 56 58 59 60 61 63 64 65 67 68 70 72 75 80 86 89 91 92 94 95 96 98 99 100 102 105 106 107 108 116 120 121 124 126 129 130 131 132 133 135 137 139 141 142 144 147 148 149 150 151 154 155 156 157 159 160 161 162 164 165 169 170 171 173 176 184 187 188 190 192 193 194 196 199 0.37
52 1 9 10 11 14 15 16 17 18 28 30 35 36 37 38 42 43 44 53 54 55 58 60 62 64 65 66 67 68 69 70 71 75 76 78 79 80 81 82 85 86 87 90 93 95 96 99 101 102 104 109 110 120 122 124 126 128 129 131 132 133 134 136 137 145 147 153 154 159 160 161 162 163 170 173 174 177 178 188 189 191 193 195 197 0.19
53 3 6 8 10 11 27 36 40 51 54 55 60 63 65 68 69 70 71 73 75 76 78 79 80 81 82 85 87 88 90 98 99 101 104 106 110 112 113 116 117 118 120 121 124 125 127 129 133 134 138 139 142 144 145 146 148 150 151 152 154 155 160 164 165 166 167 172 175 176 177 179 181 182 183 184 186 188 189 190 191 192 0.9
54 3 4 11 12 17 21 22 24 28 31 35 42 44 45 46 48 49 51 55 56 59 61 63 67 68 70 71 74 75 76 77 78 79 80 82 83 84 85 88 89 90 91 96 97 98 99 100 101 103 106 108 110 111 112 114 116 118 119 128 130 132 134 136 138 139 140 141 142 143 146 148 150 153 155 160 164 166 167 168 170 176 177 183 187 189 190 191 192 194 197 198 199 0.7
55 27 36 40 47 50 57 59 60 61 62 63 68 70 72 75 76 77 78 79 80 81 83 84 86 87 89 91 93 97 98 101 103 105 106 107 108 110 113 114 115 118 119 120 122 126 127 128 132 137 138 141 143 144 145 147 150 153 158 159 160 161 162 164 165 167 168 171 173 174 176 178 187 190 191 193 196 0.5
56 8 9 10 17 18 23 37 44 45 53 55 57 58 59 60 61 62 63 64 66 67 71 74 77 80 83 85 86 88 90 92 95 97 99 101 102 104 107 108 110 111 112 113 114 118 121 122 123 124 126 128 130 134 135 136 138 141 143 145 148 151 153 154 158 159 161 165 166 168 169 170 174 175 176 177 180 184 186 187 191 194 196 0.71
57 2 5 10 13 21 25 29 30 33 35 41 51 53 58 59 65 67 68 69 70 77 79 80 81 82 84 85 88 91 92 98 99 100 101 103 109 110 111 113 114 115 119 120 122 126 128 130 135 136 137 139 140 141 144 146 147 149 153 154 156 158 161 162 165 166 170 174 180 183 185 189 191 192 193 195 0.47
58 5 6 12 16 17 29 36 38 39 40 41 44 49 54 55 59 60 63 65 66 67 69 71 72 73 75 77 80 84 89 90 91 93 94 97 99 100 101 102 103 106 109 110 111 112 113 115 118 121 122 123 124 125 126 128 130 131 132 137 139 142 144 148 153 158 159 160 161 164 167 170 172 175 180 184 185 190 192 193 194 195 196 197 199 0.13
59 2 3 7 10 12 16 24 27 37 41 52 61 65 67 70 77 78 79 81 82 85 87 88 94 95 96 98 104 105 107 109 110 111 113 114 117 118 119 120 122 125 126 127 128 130 133 137 138 139 141 144 145 146 148 151 152 155 157 158 162 163 164 165 166 167 168 169 172 173 175 177 178 181 184 186 187 190 194 197 199 0.59
60 0 1 2 4 6 8 9 10 13 22 26 27 28 34 35 36 37 39 42 57 59 61 62 64 74 76 77 85 87 88 89 93 94 95 98 99 103 105 106 108 110 113 115 116 120 121 122 124 125 126 129 130 131 132 133 134 137 140 141 143 144 146 148 149 150 154 155 156 157 158 159 160 163 164 166 167 168 171 172 173 174 175 178 183 184 188 189 194 0.47
61 1 4 6 10 12 16 19 24 32 44 46 48 50 53 63 64 65 67 68 70 74 76 79 81 83 87 90 95 97 99 102 106 109 110 111 114 116 118 120 121 122 124 126 130 132 133 134 135 137 139 140 142 144 145 148 152 153 154 159 161 162 163 166 168 171 173 177 179 180 186 188 189 195 196 198 0.94
62 3 5 6 8 9 10 13 14 21 23 24 26 28 29 32 33 36 42 45 46 63 65 66 67 68 69 71 73 74 77 79 80 84 86 89 93 97 99 100 102 104 105 106 108 109 110 111 114 115 116 119 120 121 122 123 124 126 127 129 131 132 141 142 143 144 145 147 148 150 152 153 154 155 160 161 162 164 166 167 169 170 171 175 180 185 186 190 191 197 198 0.32
63 4 9 11 13 22 23 24 25 27 28 32 35 38 40 44 46 47 48 57 65 66 67 71 73 74 75 77 78 80 81 82 83 84 85 86 88 91 92 93 94 99 100 102 108 115 117 122 123 124 128 130 131 133 134 136 137 140 141 145 147 148 150 151 152 153 155 157 163 165 166 167 168 169 171 173 175 178 180 184 185 188 189 190 191 194 195 197 198 0.47
64 12 13 17 21 23 27 40 47 53 54 55 62 67 68 70 71 72 73 74 78 79 80 81 82 83 84 85 88 89 91 92 93 94 95 96 99 101 102 107 108 110 111 112 113 117 119 120 122 123 124 125 127 128 130 133 135 140 144 146 148 151 152 155 157 159 160 162 164 166 167 171 174 175 176 180 181 183 186 187 188 189 191 192 194 196 197 0.81
65 0 6 10 11 13 19 25 29 31 36 38 48 49 56 67 69 70 71 75 76 81 86 87 88 89 90 91 94 98 99 100 103 105 106 108 110 111 112 114 115 116 117 119 120 121 123 125 126 127 129 134 135 137 138 139 146 147 148 151 157 158 162 163 164 167 170 171 173 174 176 178 180 182 184 186 188 189 193 197 198 199 0.16
66 1 2 5 6 9 11 14 15 16 17 19 21 25 27 41 43 46 55 59 60 61 65 68 70 71 73 74 75 76 78 79 81 83 84 85 92 93 96 97 98 103 104 106 108 110 112 115 116 117 118 121 122 123 124 125 127 131 132 133 134 135 138 139 140 141 142 147 150 154 155 156 157 158 159 160 161 164 165 166 167 168 170 171 173 174 175 176 178 185 186 188 190 191 192 193 194 195 198 199 0.83
67 2 4 12 14 29 30 34 36 37 44 53 55 60 68 70 72 73 76 77 78 83 84 86 87 89 90 91 94 100 102 103 108 109 111 114 115 116 119 122 125 127 129 130 132 134 136 137 140 141 143 145 146 147 148 149 153 154 158 159 161 162 166 168 169 170 173 175 177 179 180 183 184 186 187 188 189 190 192 195 196 199 0.08
68 1 9 12 14 19 28 31 35 36 39 40 41 43 49 56 60 63 65 69 70 71 72 74 75 76 78 79 81 82 83 84 85 88 90 91 92 94 95 96 97 98 99 101 102 105 110 113 114 117 118 119 121 122 128 129 130 131 133 134 135 140 141 142 143 144 145 149 156 159 160 166 167 169 170 171 176 177 178 182 184 188 191 194 196 0.15
69 0 1 4 6 11 14 17 19 25 30 32 34 43 46 47 49 50 54 55 59 64 66 70 74 75 79 80 81 82 83 84 87 89 91 92 95 96 97 100 101 103 107 109 125 128 130 131 136 138 139 144 146 147 152 160 164 167 170 172 175 176 177 178 179 183 184 186 187 188 189 190 192 194 195 198 199 0.92
70 13 18 22 25 26 36 37 42 49 50 56 63 72 74 75 78 80 89 91 92 95 98 100 101 103 105 109 112 114 115 117 120 121 122 124 128 129 130 133 139 140 142 145 151 152 153 154 155 156 158 160 166 168 171 172 174 175 176 178 182 186 187 188 193 194 197 198 0.75
71 0 4 5 10 12 13 19 20 32 38 42 59 69 72 74 75 76 77 80 83 88 89 90 91 92 94 95 97 101 103 112 113 115 118 120 122 123 126 127 128 131 132 133 134 136 137 139 142 145 146 147 150 152 153 154 155 156 157 158 159 161 163 164 166 167 172 173 175 178 181 183 185 186 192 193 194 196 197 199 0.06
72 0 2 5 6 11 12 15 16 20 27 35 43 44 45 50 53 61 74 76 78 83 84 85 88 90 91 92 93 94 96 98 99 100 102 103 104 105 107 110 112 113 116 117 120 121 123 124 125 126 129 131 132 135 136 138 139 141 144 146 150 151 156 162 167 169 170 171 172 173 177 179 188 190 192 194 195 196 0.5
73 10 18 19 22 24 26 27 28 29 36 38 42 43 44 46 54 55 56 60 68 70 71 75 76 78 81 83 84 87 91 93 96 98 99 100 103 104 108 112 115 116 117 119 120 121 122 125 127 128 129 130 131 132 141 144 153 154 155 161 167 168 169 170 171 172 173 174 175 176 177 180 181 182 183 185 187 188 192 194 196 0.46
74 6 7 8 10 12 16 17 18 20 22 23 26 31 35 36 45 46 48 49 50 65 67 80 86 87 90 92 93 96 97 99 100 101 102 103 104 105 108 110 113 114 115 118 119 121 124 127 130 131 136 137 138 139 140 142 143 144 145 146 147 149 154 155 158 160 162 163 165 167 168 172 173 174 175 177 179 180 183 187 189 193 196 0.86
75 0 6 9 15 17 20 22 27 30 33 35 42 45 47 56 59 60 64 67 72 77 78 80 81 83 88 90 92 93 94 95 101 102 106 107 109 111 112 113 117 118 119 121 124 126 127 129 130 131 132 133 134 136 138 139 140 141 143 146 147 150 151 153 155 157 163 164 165 166 168 169 171 172 176 177 180 181 184 187 188 189 190 193 197 199 0.86
76 2 5 8 10 22 25 31 33 35 37 38 43 44 47 49 51 62 63 64 69 70 75 78 80 84 87 88 89 90 91 100 101 102 106 110 113 116 117 118 120 123 124 125 127 128 129 130 131 134 135 136 138 139 143 144 145 148 149 152 153 157 158 160 161 163 167 170 172 176 178 179 180 182 184 185 186 187 188 191 192 193 195 196 199 0.97
77 7 17 21 24 27 28 35 51 52 53 64 73 74 76 78 79 81 88 89 93 95 96 97 98 100 101 102 103 106 108 109 110 111 112 113 114 118 120 123 131 133 135 136 137 140 142 143 144 145 146 149 151 152 153 155 157 158 160 161 163 167 168 170 171 172 173 176 177 179 180 183 184 185 186 187 188 191 193 194 195 197 198 199 0.96
78 0 2 3 8 11 19 21 35 38 40 44 46 56 65 69 71 79 80 81 84 85 89 91 92 93 97 99 102 104 105 107 109 111 112 113 116 117 118 119 121 122 123 125 127 129 130 131 132 133 134 136 137 139 140 141 142 143 144 149 151 158 160 161 162 166 167 168 170 171 173 174 175 177 181 187 190 192 193 194 195 196 198 199 0.67
79 3 9 11 12 25 29 32 38 50 51 60 65 67 70 71 75 76 81 82 84 85 86 87 91 93 100 102 106 110 111 114 116 117 119 120 122 128 129 130 132 134 135 139 140 142 143 144 145 146 147 148 149 151 155 157 159 160 161 167 169 170 172 174 176 178 183 187 192 194 195 197 0.7
80 0 2 7 9 17 18 20 31 35 37 40 44 48 59 60 65 73 83 85 87 89 90 91 92 93 96 97 100 101 102 106 107 108 111 114 117 119 120 123 124 127 130 132 135 137 138 141 143 145 147 149 150 152 153 155 156 158 159 160 163 164 167 170 172 174 175 176 180 181 182 183 186 187 190 191 192 193 195 197 199 0.78
81 0 4 5 7 9 12 16 22 23 26 27 34 35 40 42 46 48 50 62 67 74 80 82 83 84 85 89 90 91 94 95 97 98 99 101 102 104 108 110 111 112 115 117 121 126 127 128 131 132 135 137 138 139 140 143 145 146 148 149 150 152 153 154 155 156 157 158 162 164 166 167 168 171 173 177 179 180 181 186 188 189 190 191 192 193 198 199 0.62
82 0 3 11 15 17 19 21 22 26 27 35 46 49 50 55 62 65 66 67 72 73 74 75 76 80 84 89 91 94 96 97 98 100 102 103 109 110 111 115 116 117 119 120 121 123 125 127 128 132 133 135 141 143 144 148 150 152 154 156 157 160 166 168 170 172 173 175 176 178 180 182 183 184 185 190 191 192 193 196 197 0.8
83 3 8 11 13 16 22 23 27 32 36 43 46 47 48 50 52 53 58 60 65 78 85 88 89 90 91 92 93 94 95 97 99 100 103 104 105 106 108 109 111 112 113 114 115 117 119 120 126 128 129 134 136 137 138 139 143 145 146 147 148 149 150 154 155 157 160 161 163 164 166 169 171 172 173 176 177 178 179 180 183 188 190 191 192 193 194 195 198 199 0.17
84 0 10 14 15 23 27 28 35 43 47 51 59 60 61 65 71 74 75 80 86 89 90 91 92 93 95 97 98 103 105 110 112 113 117 122 123 130 133 135 138 142 143 144 146 148 149 152 153 154 158 160 163 165 169 170 173 174 177 179 180 181 182 183 184 186 190 191 192 194 198 199 0.25
85 0 3 4 5 7 9 18 21 26 29 32 33 36 46 51 55 58 61 67 70 73 74 75 76 82 86 89 91 93 95 96 97 98 99 100 101 103 104 105 106 107 108 109 111 112 113 115 116 117 121 123 124 129 132 133 135 137 138 139 140 141 142 143 144 146 147 150 151 153 160 164 168 170 171 172 173 177 178 179 182 183 184 186 188 189 190 193 195 0.38
86 4 6 18 45 50 53 54 57 61 64 70 71 72 73 77 80 87 89 92 96 97 98 99 107 109 110 111 113 114 117 123 125 128 130 134 135 138 139 140 142 146 148 153 155 157 159 160 161 170 171 174 175 176 177 180 181 183 184 185 187 188 191 192 196 197 0.85
87 2 4 15 28 31 34 36 47 50 54 58 63 64 66 68 71 78 81 83 84 85 88 89 92 95 97 98 99 100 102 103 105 106 109 110 111 112 113 114 116 117 118 119 120 122 123 124 126 127 128 129 135 136 140 141 143 145 146 148 149 151 154 156 162 163 164 165 167 169 170 172 173 175 176 177 179 184 185 187 189 191 195 196 197 0.97
88 6 7 8 14 18 20 30 31 33 39 42 45 47 58 61 66 69 80 84 90 91 93 94 96 100 101 102 103 105 107 108 109 115 120 122 123 124 126 127 128 130 131 134 140 141 143 144 145 146 150 153 154 155 157 158 161 163 165 167 168 173 174 175 177 178 179 182 183 186 190 193 194 195 197 198 0.71
89 4 5 9 10 12 13 16 18 19 31 35 36 37 42 43 45 49 50 53 61 63 68 74 75 79 90 92 93 95 96 97 98 101 104 105 108 111 113 115 117 119 120 124 126 128 129 130 131 135 141 142 143 146 148 157 161 162 164 166 171 172 175 176 178 182 183 187 189 191 192 194 195 197 0.81
90 2 6 7 8 10 12 33 36 39 40 46 49 55 59 60 62 64 69 73 78 82 91 98 99 101 102 107 108 109 112 114 116 117 118 119 121 122 123 124 125 126 127 129 134 135 136 141 143 145 146 147 150 152 154 156 157 158 162 167 170 172 173 175 176 177 179 182 184 185 186 188 189 190 192 195 196 197 198 199 0.11
91 0 1 5 7 8 16 24 26 28 30 31 34 36 39 40 41 42 43 44 52 61 62 77 86 87 89 92 94 95 96 97 98 101 104 105 109 110 111 112 113 115 119 122 124 125 126 127 130 134 136 137 138 139 142 143 144 145 146 148 154 158 159 160 161 162 163 166 167 168 169 170 172 186 188 192 193 196 197 199 0.1
92 1 8 11 14 17 18 21 23 33 38 42 48 54 58 60 61 62 65 77 79 88 90 94 96 97 98 100 103 104 108 110 112 116 117 119 121 123 126 127 129 132 133 138 139 140 143 144 151 152 154 156 157 158 161 162 165 167 169 170 172 173 174 176 177 179 180 182 183 184 187 188 191 194 195 0.36
93 5 6 7 9 10 13 14 23 30 32 33 37 39 44 45 46 50 53 54 57 71 87 91 94 97 98 99 102 108 109 112 113 114 116 117 120 125 127 128 132 133 134 136 137 139 141 143 147 148 149 156 157 159 162 163 164 173 174 175 177 178 180 181 182 183 184 186 189 192 193 197 0.96
94 0 6 7 15 21 30 35 50 56 66 69 73 78 80 89 101 102 104 107 109 110 112 115 117 119 120 122 124 126 127 130 135 139 142 143 145 146 148 149 150 151 153 155 157 166 167 168 169 170 171 172 175 176 177 182 183 185 187 191 197 198 199 0.88
95 1 3 8 9 10 11 13 22 28 29 38 41 43 46 47 66 67 72 74 76 79 82 96 97 98 99 102 103 104 105 106 108 110 113 114 116 118 119 124 125 128 132 133 135 136 139 141 142 144 147 148 152 153 156 157 159 162 164 167 168 171 172 175 176 177 179 184 185 186 187 188 189 190 191 194 195 196 0.33
96 4 6 8 10 16 24 25 29 32 36 37 46 53 61 63 65 67 70 71 79 81 84 87 90 98 100 102 103 104 105 106 110 111 113 114 115 117 121 122 123 124 125 126 130 132 134 135 136 137 140 142 143 144 146 154 155 156 157 160 163 165 167 169 172 173 174 180 181 182 183 186 193 194 195 197 0.46
97 3 9 10 12 13 14 17 30 32 33 34 41 47 49 51 52 53 59 60 63 67 73 75 76 96 98 102 103 105 106 108 109 113 115 118 120 123 124 131 132 134 136 137 141 145 148 149 151 152 153 155 156 157 160 165 166 168 170 173 175 177 179 180 184 187 189 190 194 197 0.36
98 3 4 5 7 12 21 31 35 42 43 44 45 50 52 58 61 62 69 71 74 75 78 79 80 83 88 99 101 102 103 105 107 109 112 115 117 119 120 122 123 124 125 127 128 130 131 133 135 136 140 142 144 149 151 158 159 164 170 172 173 174 176 179 182 185 187 189 190 191 192 194 195 197 198 0.94
99 3 7 14 19 28 39 41 48 59 66 69 70 76 82 84 88 94 97 100 101 103 104 107 108 109 111 112 115 116 117 118 120 121 123 124 126 127 129 131 132 133 134 135 137 140 142 147 150 151 154 155 156 159 167 168 170 173 178 180 183 187 191 193 194 195 196 198 199 0.17
100 6 9 16 23 24 26 27 33 37 38 55 56 59 66 84 86 93 94 97 101 103 104 105 108 115 116 117 122 125 131 132 135 136 137 139 140 145 146 150 153 155 157 159 162 164 165 166 168 172 175 178 181 185 186 187 189 190 191 193 195 196 197 0.77
101 2 3 8 12 18 23 29 32 37 38 46 51 60 63 65 67 72 73 78 86 95 97 103 107 109 111 117 120 122 123 124 127 129 131 132 133 135 136 139 141 142 145 146 149 152 153 154 155 156 157 158 159 160 161 167 168 172 173 175 177 182 187 190 194 195 196 199 0.79
102 7 12 13 15 23 30 31 35 46 47 48 49 53 54 59 60 70 71 83 84 85 91 92 99 105 106 111 113 114 115 116 118 121 123 124 125 136 139 141 146 147 148 149 151 154 156 158 159 161 162 164 165 166 167 168 169 170 171 172 173 174 176 177 182 185 190 191 192 195 198 0.95
103 11 20 27 29 31 41 51 53 62 63 68 75 76 79 80 89 91 102 105 108 109 112 115 118 123 126 127 135 136 137 140 141 142 145 146 147 148 150 152 153 154 155 156 165 168 169 170 175 176 180 181 183 186 188 190 192 194 195 0.86
104 0 1 4 7 9 12 14 15 17 18 20 21 24 27 34 36 38 40 43 47 54 55 57 63 67 68 69 77 82 86 88 97 102 103 108 109 110 111 113 117 120 122 125 126 127 129 130 131 134 135 139 141 144 150 151 153 155 156 157 158 159 163 164 165 168 169 171 173 176 178 180 182 186 189 190 191 192 196 199 0.85
105 2 5 20 21 25 34 36 40 47 50 52 53 54 58 61 63 64 67 71 73 77 79 81 82 86 99 104 107 109 114 116 117 121 122 125 126 127 130 132 134 135 139 140 145 146 147 149 153 158 159 160 162 163 166 178 180 182 184 187 189 190 191 193 197 0.44
106 6 9 10 17 18 23 25 26 29 30 33 34 38 39 42 43 46 48 52 57 59 68 70 71 72 78 81 84 86 91 93 98 104 105 107 108 109 110 112 115 116 119 124 126 127 128 129 130 135 137 139 140 142 146 147 148 151 157 162 163 165 166 167 168 170 171 172 173 174 175 177 179 181 183 185 186 187 192 196 197 199 0.94
107 12 14 15 21 28 44 45 48 50 54 61 62 65 66 68 74 77 84 87 92 93 96 97 100 102 108 110 112 116 119 120 125 126 127 129 130 132 133 134 140 143 145 147 148 149 150 154 156 157 158 159 160 161 162 163 166 167 168 170 171 172 173 174 177 178 180 181 183 184 187 189 190 194 195 198 0.5
108 3 7 10 12 14 16 17 19 22 28 30 35 36 40 49 52 53 57 58 61 68 69 76 82 84 86 87 91 98 101 105 110 112 113 115 116 117 119 122 124 127 134 135 137 138 140 144 147 151 154 155 159 160 161 163 164 167 171 173 174 175 176 178 180 186 187 190 191 195 198 199 0.83
109 15 19 21 23 26 31 38 39 41 51 54 55 56 63 66 71 72 74 79 80 81 84 95 100 102 117 118 120 122 123 125 131 132 134 135 136 137 138 139 144 146 149 150 151 152 153 157 159 160 163 164 166 170 173 174 177 178 180 185 189 192 194 195 0.78
110 1 2 5 9 14 18 24 26 33 36 37 40 42 45 48 67 70 71 78 80 83 85 89 90 97 100 101 111 113 114 117 123 129 130 132 133 134 137 140 141 142 143 144 146 147 152 153 154 157 158 159 160 164 166 167 168 170 172 176 177 178 183 184 186 187 189 190 191 196 198 199 0.27
111 0 1 2 6 7 11 16 18 19 25 26 28 30 39 44 48 49 50 53 55 66 69 71 72 74 92 100 103 105 106 113 114 115 118 120 121 123 125 128 134 135 138 140 147 148 150 151 152 153 156 161 163 164 168 169 171 174 176 180 181 182 184 188 189 191 192 194 195 197 198 0.66
112 5 8 11 12 26 29 30 36 39 41 55 60 63 67 68 80 82 95 100 101 102 110 115 118 121 122 123 124 125 127 129 130 131 136 137 140 145 146 147 148 150 152 153 154 156 161 163 164 166 167 169 170 172 176 178 179 180 184 185 186 187 188 190 192 193 195 196 0.03
113 2 3 5 7 9 16 18 21 22 27 31 35 38 43 45 46 51 52 54 62 63 65 66 69 80 81 88 90 98 99 100 101 105 109 114 115 116 119 120 123 124 125 128 132 133 134 135 136 137 139 140 143 145 148 150 151 152 154 155 157 159 162 166 171 177 181 186 191 195 197 0.65
114 0 9 13 14 16 18 22 23 24 25 27 29 34 38 40 43 51 52 58 63 66 71 72 73 75 76 78 82 88 99 103 104 108 115 117 118 119 122 123 124 125 126 127 128 131 132 136 137 139 140 143 144 146 148 149 151 153 154 155 156 161 163 172 174 179 180 181 182 183 185 187 188 189 190 191 193 196 198 0.26
115 1 7 10 15 18 21 22 24 28 34 44 45 47 49 51 56 59 69 72 76 77 78 79 80 84 87 90 92 93 95 101 105 107 110 116 117 118 124 129 130 134 137 139 140 141 143 146 147 152 153 154 157 158 159 160 161 165 166 170 172 176 177 178 181 182 185 189 193 194 195 197 0.71
116 2 11 17 20 23 39 40 43 52 55 56 57 59 63 71 77 80 81 83 84 88 98 101 103 104 109 110 111 114 123 124 125 126 128 130 132 134 137 138 139 140 141 142 143 144 145 146 147 148 149 151 152 153 155 158 160 162 164 165 168 171 173 174 178 181 182 186 187 191 192 195 196 197 0.19
117 4 13 14 16 18 25 26 28 51 58 60 62 67 69 77 111 112 118 122 127 129 130 133 135 136 137 138 141 142 145 147 153 155 157 162 163 164 165 167 172 173 175 180 182 183 185 188 189 193 194 196 197 198 199 0.95
118 1 8 10 11 14 16 21 30 32 37 38 44 45 49 51 52 57 62 63 67 70 81 82 83 85 91 92 94 100 101 104 105 107 108 110 113 120 121 123 127 128 129 132 137 138 139 141 142 146 148 149 152 153 154 157 158 159 166 167 168 169 171 174 176 179 180 182 183 184 185 188 192 195 196 198 0.46
119 0 1 7 14 15 16 19 20 36 47 53 58 60 63 66 71 72 76 81 86 88 101 103 105 109 110 112 115 116 118 121 122 126 128 129 130 131 135 137 138 139 143 144 145 153 156 158 160 163 164 168 169 171 175 177 178 182 184 187 188 193 195 199 0.63
120 1 3 5 11 13 22 25 33 37 42 45 47 50 56 63 66 67 75 78 86 91 96 100 105 115 116 117 119 122 123 124 126 131 136 138 139 140 141 144 146 149 150 151 153 155 157 159 172 174 176 177 178 183 184 190 191 195 198 0.63
121 4 23 25 30 43 47 52 54 57 59 63 64 69 76 80 87 88 89 97 101 103 104 106 110 116 117 122 124 125 126 130 131 133 136 141 142 143 144 145 146 148 149 152 153 157 161 162 164 166 167 168 169 171 172 173 175 176 178 179 183 184 185 188 189 190 191 194 195 198 199 0.99
122 0 4 6 7 12 15 16 19 20 22 27 30 33 34 35 46 47 48 65 69 75 77 80 82 86 89 93 99 102 103 111 113 115 118 123 125 128 139 146 149 154 155 157 159 160 161 162 163 165 167 168 169 172 175 176 178 180 183 185 187 188 189 190 191 197 0.85
123 2 3 10 22 25 29 44 51 52 54 59 74 79 89 91 94 105 106 108 117 119 121 125 126 129 131 132 134 135 141 143 149 151 152 153 154 157 163 164 167 168 169 175 176 179 180 181 182 185 186 187 189 190 195 196 197 198 0.03
124 0 5 10 12 14 19 22 23 42 46 57 59 65 67 68 77 79 81 86 92 103 104 107 110 117 118 119 122 123 126 133 134 135 136 137 139 140 141 143 144 146 148 152 154 155 156 157 158 160 165 167 168 171 172 175 178 180 181 182 183 185 190 193 194 195 196 198 0.99
125 3 4 7 8 19 28 32 37 47 56 62 63 71 77 81 85 87 88 94 99 103 106 108 110 115 119 120 124 126 127 128 129 130 133 136 138 140 141 145 147 148 150 152 153 156 157 158 160 164 165 167 172 173 175 176 177 178 180 183 184 186 187 188 189 191 192 193 194 195 196 0.71
126 2 3 6 13 16 19 24 29 30 36 37 40 53 63 66 73 76 77 78 79 80 82 84 93 97 98 102 109 112 115 117 122 128 129 131 132 135 136 138 140 143 145 147 149 150 151 154 156 159 160 162 163 165 167 170 171 172 173 180 181 184 185 186 187 188 192 193 196 199 0.84
127 2 3 4 10 16 18 32 33 36 39 41 43 48 52 54 56 60 61 63 68 100 102 109 110 116 130 131 133 136 138 147 151 152 158 159 160 163 165 166 171 174 175 178 180 181 183 184 185 186 187 189 192 193 197 198 0.5
128 8 13 16 18 19 20 28 33 35 36 46 49 61 65 72 74 75 77 84 85 90 91 94 99 101 102 104 105 110 112 129 130 137 139 140 142 145 146 148 150 151 154 155 156 157 158 161 163 164 167 168 171 176 177 178 182 183 185 189 191 196 197 198 199 0.09
129 9 18 21 22 24 30 33 43 47 55 56 58 61 63 64 71 77 80 82 84 91 93 97 102 108 109 111 113 114 121 124 127 130 140 141 144 148 149 150 151 152 155 159 160 162 163 166 169 170 171 175 177 178 180 183 185 187 188 189 191 192 196 197 198 0.77
130 1 3 8 9 12 16 17 18 19 24 27 32 33 41 43 47 48 49 50 52 53 65 66 71 72 77 81 82 83 90 92 93 95 102 111 114 118 122 124 131 132 135 137 138 142 143 145 147 148 157 159 160 164 171 173 175 178 179 180 181 182 183 184 186 189 190 192 196 198 0.49
131 12 21 22 23 24 28 29 32 36 41 47 48 53 54 56 59 65 82 86 91 92 94 105 106 107 110 111 116 117 118 122 124 128 129 133 134 135 136 138 139 141 144 146 147 149 151 152 155 157 158 159 162 164 166 167 168 169 170 172 173 175 176 177 180 183 185 188 190 191 194 196 0.87
132 2 4 11 27 29 35 53 57 63 65 69 70 77 87 89 90 91 94 102 106 119 121 127 128 129 133 135 136 138 140 141 142 144 148 149 152 153 154 155 156 158 160 162 164 166 169 170 171 172 173 174 176 178 181 188 189 192 194 195 197 199 0.34
133 2 8 9 11 13 17 26 33 42 44 55 56 57 62 67 72 74 79 80 94 97 104 105 106 108 109 115 120 122 123 126 137 139 140 142 143 147 149 151 152 153 154 155 156 158 159 162 163 164 166 167 169 171 172 174 176 177 179 180 182 185 189 192 193 195 196 197 198 0.73
134 2 4 6 9 10 11 18 19 20 30 31 35 44 45 50 59 62 64 70 72 73 74 80 81 87 89 95 101 112 120 121 122 125 126 127 130 136 142 143 145 146 148 149 150 154 155 156 157 158 161 162 163 166 168 170 171 174 175 178 179 182 185 186 190 191 194 195 198 0.65
135 3 6 17 20 22 26 31 36 37 38 41 45 54 55 59 63 67 69 73 74 88 91 92 107 110 115 116 120 121 122 127 128 139 140 141 143 145 146 147 149 150 152 155 156 164 167 168 169 172 173 174 178 179 183 184 185 189 190 192 193 195 196 197 198 199 0.57
136 6 12 16 23 26 28 36 40 59 60 61 62 68 79 80 81 84 92 94 99 106 107 111 116 119 122 128 129 135 142 150 155 157 158 159 160 161 163 164 165 167 168 171 172 173 174 176 177 178 180 181 182 186 187 188 192 195 196 197 0.51
137 2 7 9 11 12 13 16 17 18 19 23 25 29 37 39 48 54 72 75 76 79 87 90 92 95 102 104 105 126 129 134 144 145 146 151 154 160 164 166 167 171 172 173 174 176 181 183 185 186 187 189 191 192 193 194 196 199 0.75
138 3 7 13 15 24 26 28 29 35 36 38 43 45 47 51 58 61 63 64 67 68 70 73 79 82 89 94 97 98 99 100 101 106 107 114 115 122 128 129 133 135 140 141 146 147 150 151 152 154 155 162 163 165 166 167 169 173 175 176 177 178 179 182 184 186 187 189 192 195 197 199 0.83
139 0 7 10 23 26 30 35 39 45 49 52 56 63 67 68 73 77 80 89 97 98 103 107 108 112 123 125 126 129 132 136 137 140 143 147 149 151 152 154 155 157 158 161 162 163 164 169 175 176 177 181 184 188 193 195 196 0.3
140 0 8 10 11 18 22 23 26 30 31 32 38 48 52 53 56 58 62 73 89 90 93 94 97 101 102 104 118 121 123 127 130 131 136 137 143 144 145 146 148 149 155 156 157 158 159 160 163 164 168 170 173 174 178 179 180 182 186 187 188 189 190 192 194 195 197 198 0.49
141 3 4 5 8 11 14 17 25 26 33 39 40 42 47 53 61 70 71 74 76 83 84 92 94 96 98 106 112 113 114 119 122 128 136 140 142 145 147 148 149 151 153 155 156 164 165 168 170 171 172 174 176 179 182 183 185 186 189 194 195 196 197 0.55
142 15 20 23 30 36 48 56 59 65 72 76 87 97 100 105 108 112 113 114 115 123 126 127 138 139 143 144 145 146 150 155 156 157 158 159 160 162 164 170 174 175 177 179 182 183 184 189 190 191 193 195 197 199 0.24
143 5 8 23 25 29 32 34 40 45 47 51 52 53 57 59 64 65 66 69 70 72 86 95 98 100 102 104 105 106 108 125 128 129 136 147 148 150 151 152 153 154 155 159 160 161 163 164 165 168 171 175 179 180 181 182 184 188 189 193 195 197 198 199 0.95
144 1 12 13 14 18 19 26 35 42 44 46 56 65 67 70 71 75 80 81 89 93 94 97 101 102 103 107 111 112 115 126 127 130 134 135 136 138 141 143 145 148 149 150 151 152 155 158 159 164 165 168 170 171 173 176 177 180 181 187 188 190 191 195 197 199 0.12
145 4 10 11 15 29 31 36 42 47 54 57 64 66 73 82 85 86 93 95 96 108 109 118 124 127 129 132 133 136 138 139 146 147 151 152 160 161 162 163 165 167 168 172 173 174 178 179 180 181 184 185 186 187 190 192 193 194 195 199 0.56
146 1 8 9 15 19 24 29 33 42 51 55 56 62 63 66 68 73 76 78 82 92 97 98 104 108 123 125 129 133 141 143 147 150 153 154 158 159 160 162 163 169 173 174 178 179 180 181 184 187 189 192 193 197 198 199 0.21
147 3 5 10 11 12 15 18 19 23 27 28 30 31 32 33 38 41 44 47 50 54 58 60 61 68 70 72 77 78 81 82 84 86 87 89 92 94 96 104 109 118 119 121 128 129 136 140 142 148 149 155 157 158 159 161 162 163 166 170 171 172 173 174 176 177 178 179 180 182 187 188 190 192 194 197 198 0.03
148 3 5 8 17 21 29 31 33 34 35 40 44 48 52 55 68 69 70 72 74 77 78 80 88 96 98 99 105 115 119 120 127 135 137 138 149 151 153 154 155 156 157 160 161 167 170 172 179 180 181 184 186 187 189 190 196 198 0.07
149 0 3 7 8 11 14 16 17 18 27 31 33 38 47 49 52 55 58 59 61 63 64 65 66 70 72 82 85 86 88 89 90 91 95 96 99 100 103 106 113 115 117 124 125 128 136 137 138 142 143 150 151 152 154 155 157 158 159 164 165 166 167 169 171 172 173 176 178 180 181 183 185 188 190 193 194 196 197 198 199 0.94
150 2 7 9 10 11 15 17 20 31 32 33 39 49 52 57 58 68 70 73 74 77 84 89 92 98 101 116 117 122 123 127 130 132 133 137 140 147 157 160 161 163 165 169 170 171 174 175 178 179 180 181 183 184 187 189 190 192 193 194 198 0.59
151 4 13 18 35 47 48 52 57 58 60 62 67 68 73 74 82 83 84 91 96 101 103 110 112 118 121 134 136 142 146 150 153 155 158 161 162 165 166 167 173 174 177 178 179 180 185 187 193 194 196 0.24
152 1 11 14 23 32 35 41 46 48 54 65 66 68 74 75 78 83 87 88 93 94 98 99 102 105 119 120 122 126 128 130 146 148 150 151 154 157 160 162 164 169 170 171 172 173 174 177 178 179 180 181 184 185 193 0.62
153 4 5 10 11 14 26 27 28 31 44 47 48 51 65 66 68 78 82 87 89 91 93 96 98 106 113 126 127 130 136 138 149 152 156 157 161 163 168 169 170 175 176 180 183 184 186 187 189 192 195 196 197 0.5
154 8 9 17 35 38 39 42 43 45 54 59 63 64 68 78 85 86 94 95 97 98 100 105 106 109 117 119 125 127 130 140 141 147 151 156 157 158 159 163 164 165 167 170 171 172 175 184 186 187 188 189 192 193 196 198 199 0.91
155 6 13 14 18 22 34 35 41 42 46 48 52 56 57 65 69 76 78 82 85 89 91 93 95 102 110 115 118 121 125 126 127 130 146 152 156 157 158 159 162 164 168 170 171 176 179 180 182 183 184 186 187 189 190 191 192 193 195 197 198 0.32
156 0 2 3 6 7 9 14 16 26 28 29 32 38 39 42 52 53 54 62 63 64 69 77 78 79 85 88 94 98 100 108 109 110 113 118 120 121 123 129 136 137 138 143 144 147 149 150 151 152 159 161 162 165 166 167 168 170 174 176 178 179 182 185 186 188 190 195 0.94
157 16 18 27 33 43 44 49 52 54 55 57 58 68 72 73 74 78 98 99 103 108 111 112 116 126 129 132 138 143 146 151 156 159 162 163 166 167 170 171 172 174 176 177 178 179 180 182 189 190 191 192 196 197 198 0.41
158 13 16 18 20 22 23 30 35 36 39 41 43 46 63 64 68 75 82 87 89 93 94 99 100 103 109 112 117 123 126 129 130 135 141 145 150 153 157 162 163 165 166 167 168 172 173 176 178 179 180 184 185 189 190 194 196 197 198 0.2
159 1 3 4 15 17 18 20 23 29 35 39 40 45 50 53 54 59 62 63 65 69 70 73 76 77 78 81 89 92 94 97 103 106 114 116 124 128 134 137 138 139 148 151 160 161 162 163 164 165 167 169 172 173 174 175 176 177 179 183 185 186 187 188 189 191 195 196 198 199 0.25
160 4 5 6 11 12 13 16 23 39 46 49 56 59 61 65 67 71 73 75 87 88 89 93 102 113 117 120 121 128 133 134 135 138 141 149 151 153 154 155 158 161 162 163 164 167 168 169 170 176 180 181 182 184 185 186 190 194 196 0.71
161 1 2 6 21 31 35 37 40 45 47 54 59 63 68 70 72 84 87 90 94 96 97 98 99 100 104 106 109 110 113 118 119 123 124 126 127 129 132 133 141 155 157 165 167 170 171 172 176 177 180 181 184 185 187 188 190 196 199 0.01
162 0 4 18 21 27 29 33 34 38 39 40 44 46 48 54 58 71 73 75 76 79 80 82 84 85 86 94 97 98 99 101 103 108 109 110 114 115 118 119 123 125 128 130 136 140 143 148 149 150 153 161 164 165 166 169 172 175 176 178 180 182 183 186 188 189 192 193 0.73
163 1 4 6 9 22 27 29 30 41 51 56 58 68 79 82 85 86 98 99 100 101 102 103 110 115 116 121 124 125 131 135 141 142 149 162 164 165 166 167 169 170 172 173 175 178 180 182 183 186 188 189 191 192 193 196 198 0.01
164 4 5 11 16 20 35 36 37 40 46 47 56 67 70 72 73 74 76 78 82 86 91 94 96 97 101 103 105 113 114 122 126 127 129 138 146 147 151 153 161 167 169 170 173 175 176 178 179 180 182 187 188 189 190 193 198 199 0.21
165 11 13 14 17 42 47 50 52 54 61 62 64 65 67 70 73 77 78 80 81 83 85 86 89 90 91 93 94 101 107 108 109 114 120 123 129 131 132 135 137 139 140 146 147 148 155 157 166 167 168 170 175 176 177 178 181 182 183 184 186 188 199 0.82
166 2 17 20 21 22 27 30 31 44 45 47 52 55 65 69 76 77 79 80 84 85 87 93 95 96 101 104 114 119 122 123 125 128 141 142 144 145 146 152 154 161 170 171 172 173 177 181 184 187 188 189 190 191 194 195 197 198 199 0.59
167 0 21 23 24 26 28 31 37 40 43 44 47 49 52 61 83 85 89 93 97 98 100 109 111 113 114 115 116 119 127 130 132 134 141 142 144 146 147 152 155 162 168 169 170 171 173 175 176 177 180 181 182 183 184 185 187 188 189 193 195 196 199 0.03
168 4 5 6 13 14 16 20 28 29 30 31 32 33 39 45 52 58 65 71 72 76 86 93 96 108 109 114 120 130 132 133 137 138 139 142 150 151 162 169 170 173 175 176 178 179 181 185 187 188 189 191 198 199 0.94
169 9 11 14 19 28 31 33 36 37 39 44 46 49 50 52 53 54 55 57 58 60 61 66 69 74 77 88 89 93 95 98 101 107 110 113 120 124 126 127 130 134 136 140 141 145 147 151 154 155 161 165 166 173 177 179 183 185 186 187 188 190 191 197 199 0.53
170 1 2 3 5 11 17 23 25 41 45 48 53 55 60 61 70 75 83 89 93 95 100 105 108 111 118 119 121 123 125 127 128 133 135 137 139 145 146 149 158 174 176 177 178 179 181 185 186 187 188 189 193 195 197 199 0.0
171 5 7 9 14 24 30 35 37 40 42 50 53 56 57 58 67 69 71 74 79 80 82 84 88 91 92 93 96 98 99 100 101 105 110 114 115 120 122 125 131 138 139 153 156 159 162 163 164 168 170 173 175 176 177 178 179 180 181 182 183 185 186 187 194 197 0.14
172 7 11 12 18 19 22 25 33 39 43 45 50 51 56 57 61 62 64 66 84 103 104 108 109 113 116 123 127 129 138 146 150 155 156 164 165 170 171 175 178 179 180 181 184 187 188 189 193 195 197 0.12
173 8 13 16 17 19 23 26 31 36 40 42 43 49 53 54 56 58 64 68 70 75 76 79 80 86 89 91 94 100 111 112 118 122 124 127 133 134 141 143 150 154 155 157 161 174 177 181 182 183 186 187 188 189 190 193 198 199 0.59
174 2 3 9 15 20 23 35 38 39 46 51 61 71 76 77 81 87 89 91 97 100 104 105 113 119 121 122 125 130 144 148 154 155 158 160 164 167 168 169 171 175 176 181 182 183 184 185 186 187 189 190 191 193 194 196 198 199 0.01
175 2 9 11 12 16 17 19 20 26 30 44 51 52 54 55 61 65 72 75 77 79 81 83 84 96 98 99 102 104 109 110 112 114 116 118 128 132 137 141 144 145 147 151 152 155 156 158 160 161 169 173 176 178 179 180 186 188 193 194 195 197 198 199 0.37
176 0 2 6 13 15 19 22 30 33 45 52 57 58 59 60 71 78 81 84 85 91 99 100 101 105 106 107 113 119 124 126 129 134 142 143 145 146 148 152 163 166 169 172 177 180 184 185 186 189 191 194 195 196 198 0.73
177 2 6 11 12 13 14 22 25 29 31 43 44 51 55 60 62 63 64 66 70 71 76 91 96 98 100 103 105 108 111 112 118 122 123 124 126 127 134 135 140 141 148 153 154 156 158 162 168 174 175 178 180 181 183 189 190 192 194 195 199 0.15
178 0 1 5 7 11 13 25 26 27 31 38 41 42 45 51 53 54 57 58 67 80 86 87 91 97 98 102 103 111 118 131 133 137 142 153 154 155 160 161 167 169 173 176 179 181 182 183 184 187 189 191 192 193 199 0.67
179 10 19 23 29 33 36 37 44 45 46 48 49 51 52 55 58 62 65 66 73 75 78 79 86 94 100 102 103 105 108 109 110 111 113 115 117 119 120 124 125 126 127 136 149 153 160 161 162 166 167 173 174 177 180 181 182 184 189 192 193 195 197 198 0.24
180 14 21 22 25 28 29 32 34 44 52 55 59 66 68 70 72 78 79 85 87 88 89 90 94 95 98 101 102 106 110 128 132 134 139 142 156 159 168 169 170 173 185 188 190 191 193 196 0.64
181 13 15 19 20 21 23 25 26 29 31 32 34 39 42 45 50 56 57 63 65 67 68 69 70 74 79 83 87 88 94 95 101 105 109 112 117 118 122 125 128 129 134 142 154 156 159 162 163 169 176 180 182 183 189 192 195 196 197 199 0.74
182 4 8 11 17 27 31 42 49 51 56 57 59 60 63 67 71 72 77 79 86 91 97 100 103 107 109 112 121 125 127 129 137 144 145 149 154 161 170 176 180 183 185 186 187 189 190 192 195 196 0.36
183 1 10 19 22 23 25 26 29 31 34 39 43 50 51 52 58 59 61 68 75 76 78 81 90 91 98 100 101 108 109 116 119 123 126 133 134 138 139 144 156 158 160 180 186 188 191 192 193 194 196 199 0.22
184 5 6 8 19 23 24 29 31 35 36 46 47 48 49 54 61 64 70 71 73 74 78 80 81 83 88 89 96 103 104 108 113 114 115 123 124 128 141 147 149 151 163 164 169 175 180 187 188 191 192 193 194 196 198 0.78
185 2 19 20 23 29 31 34 42 51 59 60 61 64 67 68 69 70 72 79 84 85 88 89 91 92 93 97 101 103 105 107 108 113 116 120 125 130 139 142 143 146 147 150 155 164 166 173 177 178 181 183 184 187 188 189 190 191 194 197 199 0.41
186 2 3 9 12 19 30 40 48 49 50 54 58 73 75 78 86 87 89 99 101 102 107 109 114 117 119 120 121 124 129 131 133 139 143 144 147 149 161 167 168 177 179 181 185 188 190 197 199 0.27
187 2 6 11 20 25 30 32 38 39 42 43 45 46 50 53 57 60 62 63 65 68 81 82 85 91 93 96 102 104 109 111 115 121 131 132 133 134 135 149 152 158 160 165 177 179 183 190 195 196 197 0.12
188 13 14 15 16 17 18 20 29 35 36 48 56 58 62 74 82 84 96 97 98 99 100 102 104 106 116 123 124 128 133 135 137 141 146 151 152 155 157 158 160 174 178 179 181 187 193 194 196 198 0.93
189 4 5 7 8 9 18 28 32 34 49 56 58 68 71 77 78 79 80 82 84 86 88 94 101 102 103 108 112 113 118 119 126 131 147 151 160 161 169 171 175 180 183 186 190 193 196 198 0.56
190 14 16 20 25 27 28 33 34 38 40 41 48 52 61 64 68 70 71 73 76 77 87 91 93 106 118 127 129 132 136 137 138 139 143 151 163 165 167 168 176 188 191 192 194 195 198 0.49
191 0 1 8 18 21 24 27 30 50 51 61 67 70 72 75 85 88 90 93 106 112 119 123 126 127 130 132 133 135 136 138 141 145 147 151 153 154 156 164 167 171 172 173 175 179 181 186 187 189 193 194 196 197 198 199 0.53
192 2 4 5 8 24 25 32 36 42 52 59 62 65 68 70 74 75 85 96 99 105 107 108 113 121 122 124 128 131 134 139 141 142 144 148 151 159 161 164 166 167 168 169 171 172 175 185 186 188 193 195 198 0.47
193 0 1 4 11 27 29 31 32 33 37 39 41 44 45 46 50 54 60 62 63 73 84 86 87 94 95 103 106 108 113 116 121 128 129 130 132 134 138 141 147 148 156 157 158 159 160 165 166 168 176 185 194 196 197 199 0.75
194 2 6 15 18 22 25 30 31 32 33 36 39 47 52 55 62 65 67 74 76 85 86 90 91 100 102 114 120 122 128 133 135 138 142 144 146 152 159 161 162 163 168 169 178 181 182 186 189 196 197 0.54
195 2 5 6 15 18 19 25 26 28 38 44 47 49 51 56 59 62 64 68 71 73 74 84 86 93 104 105 106 122 127 128 130 146 147 148 151 152 154 157 163 165 169 171 173 174 178 180 183 184 186 196 197 198 0.2
196 1 2 5 12 14 17 19 21 34 35 36 41 45 47 52 54 60 65 69 80 81 84 85 88 89 92 94 98 102 103 107 113 120 121 127 134 138 140 142 144 145 146 150 155 156 162 165 170 173 175 179 185 186 190 198 0.12
197 3 4 9 10 12 15 16 20 31 37 39 40 48 49 51 55 61 68 72 73 76 78 81 85 92 99 101 102 103 108 109 112 114 118 121 126 131 134 139 145 148 150 151 156 162 164 165 167 168 174 176 177 178 180 188 189 190 196 198 199 0.64
198 7 9 10 23 35 41 44 46 50 51 53 55 56 57 58 64 73 74 86 87 91 92 96 97 100 103 104 105 109 115 116 122 126 131 132 136 138 141 142 144 145 151 152 156 165 167 170 172 177 178 180 183 185 187 194 0.95
199 4 8 14 21 35 36 37 41 49 50 53 57 60 61 63 70 72 79 88 89 92 93 96 102 103 107 109 112 114 115 118 120 123 127 129 130 136 139 141 147 148 150 151 155 156 157 158 182 188 195 0.45
