41 100 154 26 44 19 40 16 69 11 2.83
0 1 4 5 6 7 8 9 10 14 19 21 22 26 27 29 32 34 37 40 41 42 43 45 46 48 49 52 53 54 58 60 61 62 65 67 69 71 74 75 79 84 85 87 89 90 92 96 97 99 102 103 105 109 111 115 116 119 121 123 125 127 128 129 134 136 137 138 142 144 147 148 151 154 157 161 163 165 167 168 169 170 172 173 178 179 184 188 190 191 193 194 195 196 198 0.45
1 3 7 9 10 11 15 19 21 22 23 24 26 34 37 39 40 41 42 47 48 49 52 55 57 59 61 62 65 66 70 71 73 74 76 79 80 81 82 85 86 87 89 90 91 93 95 98 99 100 102 104 106 110 111 115 116 120 121 126 127 130 133 134 141 142 143 146 150 151 153 155 159 160 164 165 166 167 168 170 171 172 176 177 180 184 185 188 190 191 192 193 195 199 0.71
2 0 1 5 7 8 9 11 13 14 15 18 19 20 22 24 25 29 30 33 34 36 39 40 41 42 44 45 47 48 51 52 53 54 59 62 64 66 68 69 70 71 72 73 75 77 79 81 85 86 87 88 89 90 95 96 100 101 102 103 104 105 106 107 110 111 117 118 121 123 124 126 127 130 131 132 138 147 151 155 157 158 159 160 161 162 163 164 166 167 168 169 170 171 172 173 175 177 179 180 181 182 185 186 187 189 193 194 196 197 0.45
3 6 7 8 10 14 16 19 20 21 22 24 25 26 28 29 31 33 34 35 38 40 41 49 50 52 55 57 59 65 68 69 70 73 76 77 80 82 84 85 88 89 92 93 95 96 97 98 102 103 104 105 106 107 109 110 111 114 118 121 122 124 126 127 129 133 134 138 141 143 145 147 150 151 152 155 160 162 164 165 167 169 172 173 174 175 176 177 180 181 183 185 186 187 189 191 192 196 198 0.27
4 1 3 6 7 8 9 10 11 12 21 22 23 24 27 30 31 34 37 38 40 41 42 45 49 53 54 57 59 60 62 63 68 71 79 80 82 88 89 90 91 94 97 99 100 101 102 104 106 108 110 112 113 114 115 117 118 119 120 124 126 127 128 130 132 133 134 136 137 140 142 143 145 148 149 151 152 154 156 157 159 160 161 166 169 170 171 173 175 176 177 178 180 183 184 188 189 190 192 194 195 196 197 198 0.96
5 4 6 9 10 11 14 18 22 23 26 28 29 32 33 34 40 45 47 48 49 52 55 59 61 62 63 69 73 75 76 78 80 82 85 86 90 91 93 95 96 101 103 106 112 113 115 119 120 121 125 126 127 130 134 135 137 138 139 140 141 143 144 145 146 150 152 153 159 162 163 164 165 166 167 172 173 174 175 176 178 180 185 187 188 189 190 196 198 199 0.71
6 1 13 14 16 19 22 23 29 30 31 34 35 37 39 45 49 50 52 53 54 55 58 59 61 63 67 69 74 76 77 78 79 80 81 84 89 90 91 92 93 94 96 98 100 103 104 107 108 110 115 117 118 120 121 122 126 127 131 133 135 136 137 138 142 143 144 145 146 148 149 154 156 159 161 163 165 169 170 171 172 173 174 175 178 179 182 183 184 188 189 190 191 192 194 198 199 0.72
7 5 9 10 11 16 17 20 21 23 24 25 26 27 29 35 36 43 45 47 50 54 55 56 61 65 66 67 73 74 76 78 80 82 87 89 90 91 93 94 95 96 97 99 104 106 107 109 111 112 114 116 117 119 126 128 130 131 132 133 135 136 138 141 142 143 146 147 151 152 155 156 162 172 173 174 176 178 179 180 185 186 187 188 189 190 191 193 195 199 0.16
8 6 10 13 15 16 21 22 27 30 32 36 37 39 41 45 46 47 51 52 53 54 55 60 61 62 63 66 69 70 71 73 74 76 79 82 86 87 88 89 92 97 99 101 102 103 109 112 113 114 115 116 120 122 123 125 128 129 130 131 134 136 137 138 139 140 141 142 143 146 148 149 155 157 159 160 163 167 169 173 174 175 176 179 181 182 183 184 186 187 188 190 192 195 196 197 199 0.11
9 8 10 13 14 15 16 17 21 22 23 26 27 29 30 31 33 35 37 38 39 41 42 43 46 47 48 49 53 55 60 61 62 67 69 72 73 80 83 84 85 93 95 97 98 100 102 104 105 106 109 114 117 120 123 126 128 129 132 134 135 136 138 142 145 146 147 148 150 155 156 157 161 162 163 168 169 170 172 175 177 180 181 185 187 189 190 193 194 195 198 199 0.54
10 2 11 17 18 19 20 21 22 24 25 27 28 29 31 34 38 39 41 42 43 46 47 51 52 53 54 56 59 60 61 62 63 64 67 68 70 71 72 73 74 76 79 81 82 83 86 87 88 89 97 99 106 107 109 114 116 119 121 123 126 132 136 137 138 140 141 144 146 147 149 151 152 154 155 159 160 161 162 163 168 169 170 171 180 181 182 183 184 186 187 190 191 193 195 196 199 0.57
11 8 12 13 15 16 17 19 21 23 24 26 27 28 31 33 34 35 37 39 40 44 45 49 50 52 53 57 58 59 61 62 64 65 66 67 70 71 72 73 75 78 82 84 86 90 92 96 97 98 100 101 102 105 106 107 108 109 111 113 114 115 116 118 119 120 123 124 126 127 128 131 132 137 138 146 153 154 157 159 160 161 165 166 168 169 175 176 178 181 182 184 193 196 198 199 0.78
12 1 9 10 13 19 23 25 28 35 39 42 43 46 49 50 51 53 54 56 57 58 59 61 65 68 70 71 73 74 76 78 80 81 84 85 86 87 88 90 94 97 100 102 105 106 107 109 110 112 113 114 115 118 119 123 125 127 129 133 134 135 136 137 138 139 143 147 149 151 152 155 156 158 160 163 165 166 167 172 173 174 175 176 177 179 182 183 185 186 188 191 193 0.29
13 1 16 17 20 22 23 26 30 34 36 41 43 46 49 53 55 56 58 59 62 63 64 67 68 69 73 75 76 79 83 90 92 95 97 98 99 101 104 105 106 107 108 112 115 116 117 119 124 126 127 128 131 132 133 134 136 137 146 147 148 153 155 156 159 160 163 164 166 167 170 173 177 180 182 183 184 185 186 187 188 189 193 194 195 198 0.1
14 1 13 15 18 20 22 23 24 25 27 29 32 37 38 39 41 42 43 44 47 48 49 50 51 52 53 59 61 62 64 66 67 71 73 79 80 81 84 85 88 91 93 94 102 103 104 106 110 115 118 119 121 122 126 127 128 129 130 133 138 139 141 142 143 147 150 152 155 156 157 160 161 162 163 166 167 172 174 180 182 183 186 187 189 191 192 199 0.89
15 0 4 5 6 7 13 19 20 21 24 26 29 31 34 37 39 40 42 44 46 47 48 49 50 51 55 59 60 65 68 69 73 74 75 76 77 78 81 86 88 89 90 91 92 93 94 95 97 98 99 100 102 104 105 108 109 111 112 113 114 117 118 120 126 129 130 134 137 139 141 142 143 145 146 147 149 151 152 157 160 161 162 164 166 169 171 176 177 180 182 183 184 185 186 188 193 194 196 197 198 199 0.14
16 0 2 10 12 18 19 21 22 23 26 30 31 33 34 35 36 37 39 40 41 43 44 45 48 49 50 51 53 55 56 60 61 66 68 70 72 73 80 83 84 89 90 91 92 96 97 98 99 100 101 103 104 106 107 108 109 112 113 114 115 116 117 118 119 121 122 123 124 125 127 128 129 130 131 132 134 135 136 139 141 142 144 146 148 149 150 154 157 159 160 164 168 170 174 176 178 180 181 182 188 190 194 195 197 198 0.53
17 0 3 4 6 8 12 16 18 19 20 21 22 23 27 32 33 34 36 37 38 41 44 45 47 48 49 52 53 56 61 66 67 68 70 72 75 76 77 80 81 82 83 84 86 90 92 94 95 98 99 100 102 104 105 108 109 110 111 114 117 123 125 129 132 136 137 138 139 140 141 142 145 148 152 155 157 158 159 162 164 165 166 168 170 172 173 179 182 184 188 189 192 193 196 199 0.9
18 0 4 6 7 9 12 13 19 20 21 24 27 29 30 31 32 33 35 36 39 41 42 43 45 46 47 48 49 51 52 54 58 59 60 63 64 65 67 68 72 73 76 77 79 82 83 84 85 86 87 89 92 96 100 101 102 103 104 105 106 110 111 114 120 121 123 127 131 132 133 134 135 137 138 139 140 142 144 145 148 151 152 154 156 157 161 163 164 165 166 173 175 179 180 181 182 183 184 185 186 187 190 191 192 194 195 197 198 199 0.28
19 4 7 13 21 24 26 27 30 31 32 33 34 37 38 39 41 44 45 49 50 52 54 55 56 60 61 62 64 65 70 72 76 78 79 80 86 87 88 89 93 94 97 99 105 106 108 112 114 115 120 121 122 124 126 128 129 132 135 138 141 145 148 149 151 153 154 155 156 157 162 163 164 165 171 174 176 178 179 186 187 188 190 193 194 195 196 197 198 199 0.21
20 0 4 6 9 12 23 24 28 32 33 34 36 39 41 42 43 44 45 46 47 53 54 55 56 61 64 65 66 69 70 71 74 75 77 78 79 81 82 84 85 88 89 90 91 92 96 99 101 102 103 105 106 107 108 109 112 113 115 116 118 121 122 125 126 127 129 130 131 132 134 137 138 141 142 143 144 146 148 149 150 151 154 156 164 166 167 168 169 172 173 177 178 181 182 187 189 190 191 192 193 195 196 197 0.69
21 5 13 14 20 22 24 26 29 30 31 32 33 34 35 37 41 43 44 45 47 50 52 58 61 64 67 69 71 73 75 79 83 84 88 90 92 93 95 96 97 100 105 106 107 110 111 115 118 119 120 121 122 123 124 126 127 129 133 134 139 141 143 145 147 149 150 155 157 159 166 167 168 169 171 172 180 181 185 187 188 189 191 193 195 199 0.78
22 11 18 20 24 25 26 28 30 32 33 34 35 36 38 40 41 45 46 48 49 52 54 56 57 58 60 61 64 66 67 69 70 73 74 80 82 84 85 88 89 91 92 93 96 98 105 108 109 110 112 114 116 118 119 121 122 123 125 126 127 129 132 133 135 136 137 139 141 146 148 149 150 151 153 157 158 159 160 161 164 165 167 169 171 172 181 185 187 188 189 193 194 195 197 198 0.69
23 3 10 15 18 21 24 25 27 28 29 35 37 38 43 46 52 53 54 56 60 61 64 67 68 70 71 72 73 75 78 80 81 82 83 84 85 86 89 93 94 97 99 100 102 103 108 109 111 112 114 116 118 119 120 123 125 126 127 128 129 132 134 137 142 143 146 148 149 151 154 158 160 161 163 164 165 166 167 174 175 176 179 180 185 186 187 188 189 190 193 194 196 0.37
24 0 6 8 13 16 26 31 32 36 37 38 40 41 42 47 48 49 50 52 53 54 57 58 59 62 65 66 67 68 69 72 73 74 75 77 79 83 84 85 87 88 90 91 92 96 98 102 103 104 109 112 114 116 117 122 124 125 126 127 132 133 134 138 139 140 147 148 149 150 152 153 154 156 157 159 165 166 168 170 171 173 174 177 178 181 182 188 190 191 193 196 0.57
25 0 1 4 8 9 17 19 21 24 28 29 36 39 40 42 43 45 48 49 50 52 53 55 56 57 58 60 65 67 68 69 70 71 72 73 74 75 80 83 84 85 87 88 90 92 93 95 97 98 99 100 103 105 106 107 109 110 111 112 113 114 116 117 119 120 122 123 124 126 128 130 133 134 135 137 138 141 147 149 150 154 155 156 159 160 161 163 165 167 168 169 175 176 177 178 180 183 184 186 190 191 192 199 0.95
26 8 10 17 18 30 35 36 37 39 41 42 43 47 49 50 51 52 53 54 56 57 58 59 61 62 63 65 68 71 74 76 77 79 80 83 85 86 87 88 89 91 93 95 100 101 102 104 105 106 110 111 112 114 116 120 124 125 126 127 128 130 131 133 134 135 140 141 144 146 147 148 150 151 152 153 154 156 157 162 163 166 170 172 173 174 176 177 178 179 184 186 187 189 190 191 195 199 0.1
27 3 15 20 21 24 26 35 36 37 38 40 42 43 48 49 50 51 54 55 56 59 60 61 62 64 66 67 72 73 74 76 78 79 81 84 86 89 93 94 103 104 105 106 107 113 116 117 118 120 124 125 126 127 130 133 135 138 139 140 147 148 150 151 153 155 157 158 160 163 164 165 166 171 172 176 177 178 179 184 187 188 190 191 193 194 195 198 199 1.0
28 6 9 13 16 17 21 24 26 29 32 33 41 42 47 52 53 55 60 61 62 64 65 68 70 71 75 79 82 84 85 89 90 91 93 98 101 102 108 110 111 112 113 114 115 116 119 120 122 124 125 126 129 132 133 134 139 141 145 148 149 151 153 154 156 157 159 161 165 166 175 176 177 179 181 182 183 184 185 188 191 193 194 196 199 0.09
29 8 12 13 19 20 27 31 34 38 41 42 45 46 47 48 49 50 51 53 54 55 57 58 59 62 64 66 69 70 71 72 74 78 79 81 82 83 91 92 95 96 98 103 104 107 110 112 115 119 121 122 123 128 129 131 133 136 137 140 141 143 145 146 147 148 149 152 155 157 158 160 161 162 168 171 173 176 181 184 185 186 187 188 189 191 192 193 194 195 197 199 0.41
30 0 1 7 11 12 14 17 23 25 27 28 31 34 35 38 40 41 42 44 48 49 50 51 52 53 54 55 56 57 59 60 61 62 63 66 70 74 76 77 82 83 84 85 90 93 94 96 97 99 100 103 104 106 107 109 110 111 118 121 123 129 130 133 135 136 137 141 142 143 145 149 150 151 153 154 157 159 163 165 166 169 175 176 178 179 180 181 182 183 187 192 197 198 199 0.25
31 0 1 2 17 27 28 32 33 41 45 46 47 48 49 50 54 56 57 58 61 62 66 68 69 70 72 73 76 77 79 80 82 84 89 90 91 94 95 96 97 99 100 102 103 104 106 107 111 112 116 117 118 120 121 122 124 127 128 129 131 132 137 138 140 141 142 144 145 146 147 148 151 153 154 155 157 158 159 160 161 162 163 164 165 167 172 173 174 175 177 179 180 182 183 184 186 188 192 194 195 196 197 198 0.83
32 2 6 11 13 15 25 27 29 30 33 35 36 40 42 44 47 49 51 57 58 59 60 62 64 65 66 70 72 73 74 76 79 82 83 86 87 91 92 93 95 99 100 101 102 104 105 106 107 111 113 117 118 123 128 129 130 131 135 138 139 141 143 144 145 148 152 156 157 158 159 161 163 169 175 176 177 179 184 185 186 189 192 193 197 198 0.1
33 1 6 7 12 30 35 36 38 40 44 45 47 50 51 54 57 59 62 63 64 65 67 68 69 72 74 77 78 82 83 84 85 86 89 90 93 94 95 96 97 100 101 105 106 107 109 111 113 114 116 117 119 123 125 126 127 131 133 135 138 139 140 142 144 146 149 157 164 170 177 180 181 183 184 185 186 189 192 194 0.6
34 7 8 12 14 23 24 25 26 27 33 36 37 38 42 46 47 49 50 53 54 56 58 60 61 67 68 71 72 83 85 86 87 90 93 94 96 97 102 103 104 106 107 108 114 116 119 120 121 127 128 129 132 133 134 137 142 144 145 147 149 151 152 154 167 168 169 170 172 175 176 178 181 182 183 185 187 188 190 191 193 196 0.03
35 1 4 10 13 15 17 19 25 28 31 36 38 39 41 42 48 57 58 59 60 61 62 65 66 69 72 73 74 75 76 77 81 83 84 86 87 90 91 92 97 98 100 107 108 111 112 113 114 117 118 119 120 121 124 126 127 130 134 136 137 139 140 142 144 147 148 150 153 154 155 157 161 162 164 165 166 169 170 172 173 174 176 177 179 182 184 186 187 188 191 195 196 198 0.81
36 0 3 5 9 12 15 19 21 23 28 38 39 40 41 43 44 45 47 48 49 52 53 57 58 59 60 62 64 65 66 68 70 71 72 80 81 85 88 89 90 92 93 95 96 97 99 101 102 105 106 107 110 112 115 117 118 119 124 126 127 128 131 132 134 136 138 139 140 141 143 145 146 148 150 151 152 154 157 161 162 163 164 165 166 168 169 171 173 174 179 181 182 184 185 190 191 192 193 195 196 199 0.04
37 2 7 12 13 18 20 28 30 31 32 36 38 45 48 50 52 54 55 57 58 60 61 63 64 66 67 68 69 72 73 74 77 78 81 82 84 85 86 87 88 89 90 92 94 98 108 109 112 113 118 120 121 124 125 126 128 129 130 133 134 136 139 144 147 148 149 150 152 154 156 157 158 159 160 161 162 163 164 166 168 169 172 176 177 182 183 184 186 187 191 195 198 0.3
38 0 1 6 12 16 31 39 40 41 42 44 47 49 51 52 53 54 56 60 61 62 64 65 66 69 71 72 74 75 77 78 79 80 81 83 86 87 88 90 91 92 93 94 95 96 97 98 99 101 102 103 104 106 107 108 112 113 114 117 118 120 121 122 123 126 127 128 131 132 135 138 142 143 144 146 147 148 150 151 154 158 159 160 166 168 173 175 178 179 180 183 188 189 195 196 199 0.47
39 7 13 17 27 28 30 31 32 33 34 37 40 41 42 43 44 45 48 49 52 53 54 55 56 59 60 67 70 71 72 73 75 76 77 80 81 82 83 85 87 88 92 98 99 100 101 102 103 104 107 109 110 111 112 113 114 115 116 117 118 123 124 128 132 135 138 142 143 144 145 146 147 148 150 151 153 154 156 157 159 160 163 164 165 169 170 171 176 179 181 183 184 186 187 190 196 197 0.36
40 6 14 17 19 20 21 23 26 34 35 41 43 45 47 48 49 51 52 55 56 59 61 63 64 66 67 70 71 73 74 75 76 77 78 79 80 82 84 87 89 94 95 96 97 99 101 103 107 108 109 112 113 114 115 116 117 118 121 125 128 129 130 131 132 134 136 137 138 139 144 145 148 149 150 153 154 155 156 157 158 160 161 163 165 169 172 176 178 179 181 182 184 185 187 189 191 194 195 196 197 198 199 0.49
41 5 6 12 15 23 25 27 34 37 42 46 47 48 50 52 53 58 60 62 67 71 72 74 75 77 78 79 82 84 86 87 90 92 93 94 96 97 98 104 105 113 114 116 117 118 120 121 133 134 135 137 138 139 141 151 156 160 162 163 164 166 168 175 178 179 181 182 183 189 191 194 195 0.0
42 3 5 8 13 17 21 31 33 36 37 43 44 45 46 47 48 49 50 51 53 54 55 57 60 61 62 63 65 67 68 70 72 74 75 76 77 78 81 85 88 89 91 92 96 97 99 100 101 102 103 107 108 111 112 116 117 118 119 122 126 127 130 132 133 134 136 137 138 142 145 146 152 155 156 158 159 161 162 164 169 172 173 174 175 177 178 179 180 181 182 183 185 186 187 189 194 196 197 199 0.78
43 1 2 3 4 5 6 8 15 17 19 22 29 30 32 35 41 44 45 46 50 53 55 56 57 58 59 61 62 64 67 71 77 78 79 83 84 86 87 93 94 96 97 98 101 102 103 105 106 108 110 112 115 117 119 122 124 125 126 127 134 140 141 142 143 145 149 151 153 156 165 167 170 171 176 177 178 181 182 183 184 185 188 189 190 191 192 194 195 196 197 0.57
44 0 1 5 6 7 8 13 18 26 28 29 31 35 37 41 45 46 47 48 50 52 53 54 55 57 58 59 66 68 70 71 72 75 76 79 81 82 85 89 91 92 94 95 96 98 100 103 104 105 106 107 110 111 112 116 117 118 119 121 123 124 128 129 130 131 132 140 141 143 144 145 146 147 149 151 153 154 156 158 161 162 163 166 167 168 169 170 171 173 174 176 177 178 179 180 181 184 185 187 188 189 192 194 198 199 0.23
45 9 14 23 24 27 28 32 38 41 46 48 49 50 52 53 54 58 61 62 63 64 65 66 68 70 73 74 75 77 78 80 87 88 89 91 96 98 100 101 102 103 104 105 106 107 111 112 113 116 118 121 122 124 127 128 132 133 136 139 141 142 143 146 149 150 151 152 159 160 163 170 172 174 175 176 183 185 186 187 190 192 194 196 197 198 199 0.72
46 2 3 4 7 14 16 17 19 25 28 30 35 36 49 50 52 58 59 60 64 65 71 73 74 75 78 79 81 82 83 89 91 92 94 95 101 102 103 104 107 108 109 110 117 119 120 121 124 126 127 132 136 137 141 142 143 144 146 149 150 151 152 160 161 162 165 166 167 171 172 173 174 175 177 178 179 180 184 185 188 190 193 198 0.55
47 3 22 25 27 35 37 43 48 49 50 51 53 56 57 59 62 63 64 66 67 68 71 72 73 75 76 83 84 85 87 88 89 93 94 95 97 99 101 102 103 105 107 109 111 112 113 115 116 117 118 120 125 126 136 137 139 140 142 145 146 147 148 149 150 154 155 156 161 162 163 164 165 167 170 172 173 175 177 178 179 180 181 184 186 188 189 190 192 193 194 195 197 198 0.05
48 3 8 10 11 12 21 23 32 43 51 52 55 56 58 59 63 64 65 67 73 75 78 79 81 82 83 84 85 86 88 89 93 94 95 97 98 100 101 102 104 105 106 107 109 110 111 114 116 117 119 120 125 126 127 130 131 134 135 136 138 139 143 145 146 150 154 156 158 161 162 163 168 170 172 173 174 175 177 181 184 185 186 187 188 189 190 192 194 196 197 199 0.42
49 2 8 10 43 48 51 55 62 69 70 71 76 80 81 85 86 88 89 92 93 95 96 98 101 104 108 109 111 112 114 115 117 122 123 124 128 129 131 132 134 136 137 138 143 145 149 152 153 155 156 163 165 168 171 174 179 180 184 187 189 190 191 193 194 195 197 198 0.35
50 0 1 2 4 5 8 10 17 18 20 28 35 48 49 53 54 55 56 59 62 63 65 68 71 72 73 75 76 77 79 83 84 89 90 94 95 99 101 102 105 106 109 111 112 113 116 117 119 120 122 124 126 127 128 133 134 136 137 138 139 140 141 143 144 146 152 154 155 156 157 158 160 161 162 163 164 165 168 169 173 174 177 178 179 182 185 186 187 188 191 192 197 198 0.76
51 3 4 5 6 11 13 23 24 28 34 37 39 41 43 45 54 55 58 61 63 64 66 71 72 73 75 76 79 82 83 84 85 87 88 91 92 94 95 97 98 99 100 101 103 104 106 111 112 113 115 118 123 124 125 126 127 128 131 132 133 135 137 138 139 140 141 143 144 145 148 150 155 156 158 160 164 165 168 170 171 172 173 174 176 177 181 182 183 184 185 190 191 192 194 197 199 0.61
52 4 7 12 13 15 16 29 31 33 34 47 51 53 55 58 59 61 63 64 65 66 67 68 70 72 77 78 79 81 86 88 89 90 91 93 95 98 100 103 107 110 112 115 116 117 118 121 122 124 126 129 130 132 135 139 140 141 146 147 149 151 153 154 156 158 159 161 163 164 166 171 174 175 176 177 180 181 182 184 187 192 194 196 197 198 199 0.72
53 1 5 7 15 18 19 22 27 31 35 37 46 48 49 51 54 55 56 57 58 60 62 63 64 65 68 70 71 72 74 75 82 84 85 87 89 90 91 92 96 97 99 102 103 105 107 108 114 115 116 117 121 122 124 128 129 131 133 135 136 137 140 143 146 147 148 149 151 157 158 160 161 164 165 166 171 172 173 176 177 178 179 183 185 195 197 198 199 0.97
54 5 9 11 14 17 28 32 35 36 40 41 46 47 48 56 59 65 67 68 71 73 74 75 76 77 80 82 86 88 92 102 106 114 115 116 117 121 122 124 126 127 129 130 131 132 134 136 139 141 143 144 145 146 148 149 150 159 165 166 167 168 172 174 175 178 181 182 183 185 188 190 191 192 193 196 197 199 0.09
55 0 2 4 10 14 21 22 23 24 33 36 46 56 58 62 65 67 68 70 72 75 77 82 83 84 85 88 89 92 94 97 98 99 102 110 111 115 119 121 123 125 127 128 130 133 134 135 136 147 149 152 154 156 158 159 160 161 162 164 165 166 167 168 169 171 173 176 177 178 180 182 185 187 189 190 193 196 197 0.49
56 1 2 3 4 6 8 14 15 24 28 29 35 41 42 45 46 49 52 57 59 62 63 64 65 66 67 68 73 74 76 78 79 83 86 90 91 92 93 94 95 97 99 101 103 104 105 106 109 110 115 117 120 121 125 126 128 129 131 135 138 141 142 144 146 150 152 153 154 155 156 157 158 161 162 168 172 173 174 176 178 181 182 183 185 186 190 191 192 0.22
57 2 5 6 7 9 13 14 15 16 17 19 21 27 39 40 41 45 50 51 52 54 58 59 60 63 64 65 66 67 68 69 70 73 75 78 79 80 84 85 86 87 90 91 92 93 97 99 101 102 106 108 109 110 111 112 113 114 115 117 119 121 122 124 125 128 129 133 134 135 136 137 138 144 146 147 149 150 154 156 158 161 162 163 164 165 166 167 168 169 173 180 181 182 183 186 188 192 193 194 196 197 198 0.58
58 5 8 9 10 14 16 17 23 28 33 39 47 50 54 62 63 64 65 68 69 70 72 75 78 79 80 82 85 86 88 90 92 93 94 95 97 98 100 101 102 103 105 106 109 111 113 115 120 121 125 126 128 133 137 143 147 148 149 150 151 152 155 156 158 161 164 172 173 174 176 177 178 180 182 183 184 185 186 187 188 191 194 196 197 198 0.04
59 7 9 17 19 20 21 31 34 37 41 45 51 58 63 65 66 67 72 73 74 75 78 87 88 89 93 94 95 97 100 102 104 110 112 113 124 126 128 136 137 140 141 144 145 147 152 154 157 162 164 166 170 172 173 174 176 177 179 180 181 182 184 187 191 192 195 196 197 198 199 0.56
60 2 5 6 11 12 13 20 24 26 40 45 47 52 55 59 61 62 64 66 72 75 76 78 79 81 84 86 91 92 93 95 98 99 100 102 104 107 111 113 116 117 119 122 125 129 130 131 135 136 138 139 140 143 145 146 148 149 152 156 157 161 162 163 164 165 169 170 171 175 178 184 186 188 189 193 194 0.16
61 2 3 15 29 32 33 36 39 41 44 50 53 54 58 59 63 64 65 69 70 72 73 74 75 76 78 79 81 82 83 84 85 88 91 93 95 96 99 101 103 104 105 107 108 109 110 112 113 114 115 118 120 121 123 124 128 131 133 135 137 139 141 142 144 146 150 151 152 153 155 156 158 162 163 164 165 166 168 170 172 175 176 177 178 179 180 183 184 187 189 190 191 194 196 198 199 0.56
62 3 6 34 37 40 46 48 57 63 64 67 68 69 71 73 75 77 79 81 84 87 88 90 92 93 94 95 97 104 107 108 114 115 116 117 119 120 123 126 128 129 131 132 134 135 136 141 142 145 147 148 149 150 152 153 154 156 159 160 162 163 165 166 169 171 175 176 177 179 180 181 182 183 185 189 190 191 192 197 0.23
63 3 7 9 12 17 19 22 24 25 28 29 31 32 34 35 41 49 67 68 70 72 74 75 76 78 80 82 84 86 87 90 91 93 94 95 101 102 103 104 105 107 108 111 112 114 115 116 117 119 120 122 123 129 132 133 134 136 137 139 143 147 150 151 153 155 156 159 160 161 164 165 167 170 172 173 178 181 184 187 188 190 191 192 194 198 0.63
64 0 3 4 5 6 7 16 30 39 44 49 50 59 63 65 69 71 73 74 75 76 77 78 79 80 81 83 85 86 88 89 90 92 93 94 98 99 102 108 109 110 111 112 113 117 119 120 123 124 125 126 129 131 132 133 134 137 140 141 142 143 146 148 152 153 154 158 161 163 167 168 169 170 172 174 176 180 183 186 187 188 189 193 197 199 0.89
65 2 6 8 10 16 17 21 23 34 37 47 51 60 62 68 72 73 75 76 77 79 81 89 90 91 92 94 97 98 99 100 101 102 104 106 109 110 112 113 117 119 122 124 126 127 131 135 136 137 138 140 141 142 146 147 148 150 152 156 159 161 164 167 168 171 174 177 178 179 180 181 182 184 185 188 189 190 191 192 195 197 198 0.4
66 3 10 21 23 34 41 42 46 48 53 55 58 63 65 67 68 69 70 72 74 75 76 77 78 79 80 82 83 85 87 88 91 92 93 94 95 97 99 100 104 106 108 109 111 117 119 121 122 124 125 127 130 131 133 136 139 140 141 143 148 149 150 152 153 154 157 158 161 163 164 168 169 171 174 175 181 182 185 186 190 191 192 193 194 198 0.99
67 1 5 15 16 20 26 28 32 38 44 45 51 58 60 65 69 73 75 78 85 90 92 93 97 102 107 108 110 111 115 116 117 118 120 124 125 128 129 132 133 135 136 138 139 140 142 145 146 149 151 152 155 156 158 160 161 162 163 164 166 167 168 169 170 175 177 178 180 183 184 187 190 191 192 193 195 198 199 0.7
68 0 5 8 9 11 19 20 21 30 38 43 48 49 51 61 67 70 71 72 74 76 77 78 80 81 85 86 89 90 92 94 96 100 102 104 105 107 108 109 111 113 114 115 117 118 120 121 123 125 126 127 135 136 137 139 140 141 142 146 148 149 151 153 159 161 162 164 166 169 170 172 174 177 179 180 181 185 187 188 189 192 193 195 196 197 198 0.61
69 1 7 12 16 17 23 27 28 30 32 34 36 39 41 43 44 51 53 56 59 60 63 65 70 73 76 80 82 83 84 87 93 96 97 100 102 103 109 110 112 113 114 115 116 119 123 124 127 130 131 132 133 135 136 137 140 141 142 143 144 147 148 152 156 157 158 159 160 161 164 168 170 171 174 177 178 185 186 187 188 189 190 191 192 195 0.44
70 0 6 14 24 27 34 35 37 41 43 46 47 51 54 56 60 62 65 74 75 77 78 81 82 83 86 87 90 100 101 102 103 105 106 107 108 109 110 113 114 115 116 117 118 119 120 122 123 127 128 129 132 133 134 137 139 145 146 148 150 151 154 155 156 160 161 163 166 168 169 171 173 177 178 179 181 185 188 190 197 198 199 0.92
71 3 5 6 7 9 16 19 27 31 33 37 42 48 56 58 59 63 66 67 70 72 73 77 81 82 85 88 89 94 97 98 100 102 103 104 106 111 114 115 117 120 127 128 129 131 132 134 138 139 140 144 147 149 150 151 152 154 157 161 163 171 172 173 179 180 181 184 185 188 189 193 194 195 196 198 0.53
72 0 3 7 8 13 15 20 49 54 56 62 64 73 74 75 76 78 79 81 82 84 88 91 92 94 97 98 100 101 103 104 105 106 108 113 116 117 118 119 122 127 129 130 131 133 135 136 139 140 142 144 145 147 148 152 154 155 160 162 163 165 167 174 176 178 179 180 181 182 187 188 189 190 191 195 199 0.37
73 19 20 26 28 34 38 42 43 44 49 53 58 63 68 76 79 80 81 82 83 86 87 88 90 92 95 96 99 101 103 104 107 109 111 113 114 115 117 124 125 126 127 128 131 133 134 136 138 142 143 144 147 149 150 154 160 162 163 164 166 168 169 171 172 173 175 176 178 182 184 185 186 187 188 191 192 193 194 195 198 199 0.19
74 2 3 5 14 16 17 28 34 36 39 44 47 50 67 69 71 73 77 78 81 82 87 88 90 95 97 99 102 104 106 107 109 112 114 117 120 122 124 125 126 127 129 132 134 135 139 144 148 151 158 160 161 163 164 168 170 173 174 175 176 177 178 179 182 183 185 186 187 188 190 193 194 198 0.77
75 1 6 7 9 10 16 18 22 27 30 37 43 49 52 68 73 76 79 81 82 88 89 90 91 92 96 97 98 102 104 105 107 110 112 116 119 120 123 125 128 129 131 132 134 137 138 139 142 143 146 147 150 152 153 154 157 158 159 162 163 165 166 168 169 172 173 174 177 178 180 182 183 184 185 189 192 193 195 196 197 198 199 0.81
76 0 2 11 16 21 24 28 33 36 38 43 45 48 58 59 67 70 78 80 81 83 86 88 89 91 92 94 96 97 99 100 102 104 105 110 120 122 125 127 128 130 132 136 137 138 140 141 142 144 145 146 147 148 149 151 156 158 159 161 162 164 167 168 169 170 171 172 173 174 177 179 181 184 187 189 190 193 194 196 197 199 0.37
77 1 4 5 8 9 10 12 16 19 21 22 23 25 36 46 47 51 59 63 67 72 73 75 78 79 81 82 84 87 89 91 93 95 96 97 99 101 103 105 107 108 109 111 112 113 115 117 118 119 121 123 125 127 128 136 137 143 145 148 152 153 154 155 157 158 159 160 161 164 165 167 168 169 170 173 174 178 179 181 182 183 188 190 192 193 196 0.04
78 1 10 13 18 21 22 26 31 32 34 35 36 39 44 47 49 53 55 62 71 75 79 80 81 82 85 87 88 90 91 92 98 100 106 110 111 114 116 117 118 121 124 127 129 133 135 136 141 146 148 149 151 152 153 154 157 158 160 161 164 165 166 167 171 172 173 174 175 178 179 180 182 183 184 185 186 188 189 190 193 194 199 0.03
79 3 7 9 11 16 23 33 36 37 39 45 55 59 67 68 80 82 83 84 85 87 88 90 91 94 95 96 97 99 102 105 111 112 114 115 118 119 122 123 126 130 131 132 133 134 135 136 139 141 143 150 151 152 153 154 155 160 163 165 166 170 171 172 174 175 176 180 182 184 185 188 189 190 191 193 197 198 199 0.88
80 2 8 10 11 15 24 28 33 35 41 42 44 46 48 50 51 56 59 60 61 62 72 75 77 81 82 84 86 88 91 92 93 97 99 101 104 109 110 115 117 118 122 124 126 131 132 135 136 138 142 146 147 151 153 154 156 157 159 160 165 167 171 173 174 175 178 181 183 184 185 188 189 194 197 0.85
81 4 5 9 13 24 25 30 43 53 54 55 57 63 66 67 84 87 94 95 97 103 105 106 108 114 115 116 117 118 119 121 124 125 127 128 129 131 134 135 137 138 141 143 145 146 147 151 157 159 160 161 162 163 164 166 169 171 173 175 178 180 184 186 188 189 192 194 196 199 0.37
82 9 13 16 19 21 25 35 38 43 45 47 50 52 56 62 65 67 68 84 87 92 94 95 96 97 98 100 104 106 107 109 110 111 112 114 115 116 120 121 123 124 125 126 129 130 131 132 136 143 145 148 154 155 158 159 162 163 165 171 172 173 174 175 178 179 180 182 185 187 191 192 193 194 198 0.58
83 1 2 3 4 8 11 12 14 22 27 31 36 40 42 49 52 53 57 58 60 62 63 65 68 74 77 80 81 82 84 86 87 88 89 90 92 93 95 96 99 103 105 108 110 111 113 114 116 117 118 119 121 123 124 125 126 127 128 132 134 136 140 142 143 144 145 146 147 148 151 152 153 154 155 157 158 162 167 168 170 171 172 174 175 178 180 181 184 187 195 196 198 0.22
84 5 7 8 10 13 15 26 34 36 44 45 49 52 54 58 64 65 67 68 71 75 76 86 89 91 92 95 96 99 102 103 106 107 111 113 117 118 121 122 123 125 126 128 129 130 131 133 134 138 139 140 144 147 151 152 153 155 157 158 159 161 163 164 165 169 170 176 177 179 181 182 185 186 189 190 192 193 194 197 198 199 0.28
85 4 10 13 16 27 32 35 38 43 45 50 54 60 63 70 72 74 75 76 80 81 82 86 87 90 91 92 94 98 102 106 107 110 112 113 114 115 116 119 120 125 126 127 128 131 133 134 143 147 148 152 160 161 162 165 168 170 172 173 178 179 181 182 183 190 192 195 197 199 0.1
86 0 6 9 13 20 21 28 29 30 36 40 42 44 46 59 67 72 77 81 91 95 96 98 100 101 104 105 107 108 109 111 112 113 116 118 119 123 126 127 128 129 133 138 141 142 143 144 148 151 152 155 159 161 162 163 166 167 173 174 175 181 183 187 189 191 193 196 197 0.59
87 4 6 13 20 21 27 28 29 30 31 44 46 48 49 52 54 55 56 58 60 64 65 75 76 80 84 86 92 93 97 98 99 101 106 109 115 117 119 120 124 129 130 131 132 135 136 137 138 139 142 144 146 148 149 150 152 154 161 162 163 164 165 166 168 172 174 175 176 177 178 179 183 184 185 187 188 189 191 193 195 198 0.63
88 1 7 13 27 29 31 34 35 41 44 63 77 81 84 86 89 93 94 95 97 98 100 101 103 104 105 115 116 117 119 123 125 126 128 131 132 137 139 140 142 143 144 150 153 156 158 160 163 165 166 168 169 172 173 174 175 176 178 179 180 181 182 188 190 191 192 194 195 196 197 198 199 0.25
89 5 11 14 30 34 35 38 39 43 56 62 63 67 70 73 80 86 90 91 92 93 96 100 101 102 103 104 106 108 109 111 112 115 118 119 120 123 124 125 126 127 131 134 139 140 142 145 146 147 150 151 152 153 156 159 162 164 166 167 169 173 182 184 189 192 193 194 195 197 199 0.38
90 10 14 18 19 23 29 32 42 43 49 54 61 69 71 72 80 84 86 88 92 95 97 101 102 103 106 108 110 112 114 117 118 119 121 122 125 126 127 132 133 135 136 141 143 144 145 147 148 149 150 151 152 156 158 159 162 165 167 168 169 170 171 173 174 175 176 178 182 185 188 190 191 192 196 197 198 0.24
91 8 10 13 17 18 23 25 33 34 36 37 41 47 49 50 55 59 62 64 68 69 70 71 73 81 82 87 94 95 96 97 98 101 102 108 109 110 111 112 115 116 118 119 121 122 123 124 125 126 129 130 131 132 133 134 136 137 138 139 141 143 145 146 147 150 151 156 157 160 162 165 167 168 169 170 171 172 173 175 180 182 183 184 185 186 187 188 191 195 196 197 198 199 0.89
92 1 2 5 7 9 12 14 19 23 28 31 33 34 43 45 47 52 63 71 77 81 88 93 96 97 98 99 100 104 105 109 116 117 120 125 127 129 131 132 134 136 139 140 145 151 153 155 158 160 162 163 167 168 169 170 171 172 173 177 180 184 186 188 189 192 193 195 197 199 0.83
93 2 4 8 10 11 12 17 20 29 35 37 42 45 46 50 53 54 55 71 75 84 85 86 90 98 99 101 106 107 109 112 116 117 120 123 126 133 136 137 138 140 143 144 146 147 153 154 155 157 158 159 161 162 163 165 166 169 173 175 176 178 180 190 191 194 195 198 0.24
94 2 5 8 10 11 13 16 21 22 24 26 28 32 36 39 42 49 53 60 67 69 70 75 78 80 83 84 93 95 98 100 101 106 108 109 112 113 114 115 117 119 121 123 124 126 127 131 132 133 134 135 136 137 139 141 142 144 149 151 155 157 159 160 161 162 166 167 169 170 171 174 175 177 182 183 186 190 192 193 194 195 0.13
95 0 6 8 12 39 41 42 53 55 57 67 70 71 78 80 85 87 93 98 99 106 108 109 110 113 115 119 120 121 123 124 130 132 133 135 137 139 141 143 146 147 149 153 154 157 161 166 169 170 171 172 173 175 178 180 182 183 184 185 187 191 192 193 195 198 0.7
96 8 10 12 13 15 25 27 28 32 39 46 51 59 65 66 67 71 72 74 78 81 87 88 90 94 95 97 101 102 103 104 109 111 113 115 117 122 123 125 128 129 133 134 137 143 151 154 155 156 158 159 160 161 164 166 167 170 172 173 174 175 179 182 184 185 191 192 193 195 198 0.29
97 6 18 22 26 28 32 37 39 45 49 50 52 54 60 70 73 84 86 89 93 99 105 107 109 113 114 115 117 118 119 121 124 129 133 134 135 136 137 138 139 140 141 146 147 152 155 156 157 160 162 163 164 166 167 173 174 176 177 178 179 181 183 184 188 189 190 192 193 195 198 0.21
98 0 2 5 8 10 12 14 19 31 32 33 34 36 42 47 56 59 63 70 74 76 79 80 81 83 90 97 99 100 102 103 105 107 109 112 115 117 119 121 122 127 129 135 137 138 140 141 142 143 146 147 149 150 153 154 156 157 159 162 164 165 167 169 170 171 172 175 177 178 180 181 183 185 189 191 192 193 195 197 198 0.99
99 2 9 12 26 28 29 33 34 43 44 45 46 49 52 69 71 72 75 81 82 86 89 90 91 96 103 105 106 109 112 118 119 124 125 127 128 129 131 132 133 134 136 137 139 140 141 142 143 145 146 148 156 158 161 163 164 168 169 170 171 172 173 174 175 176 181 182 186 188 189 192 194 195 198 199 0.26
100 3 5 7 10 13 27 28 29 36 37 38 41 49 53 54 57 61 62 63 64 67 73 77 80 84 91 93 95 97 101 102 104 106 108 109 113 114 115 116 120 121 124 126 127 128 129 135 136 144 145 146 147 148 150 151 152 153 158 160 163 166 168 170 171 174 175 176 177 178 179 180 182 187 189 190 193 194 195 196 0.01
101 0 3 17 19 21 22 24 25 27 29 30 37 44 52 55 59 62 64 66 67 75 76 79 81 82 83 95 97 102 103 106 109 110 111 113 115 116 117 118 120 121 122 123 124 125 128 130 131 132 136 138 140 144 145 151 156 157 158 159 162 163 165 167 168 169 170 171 172 175 179 181 183 185 191 192 193 194 195 196 199 0.9
102 5 13 19 22 25 29 33 37 40 41 44 52 66 73 77 80 81 82 83 88 92 93 95 97 103 104 105 106 107 109 113 116 119 121 122 125 127 129 131 132 133 134 135 138 140 142 147 148 149 150 152 155 156 157 158 159 162 166 167 168 170 172 174 175 176 179 180 181 182 183 184 187 192 193 199 0.67
103 1 4 9 11 12 13 15 19 21 22 26 28 35 48 49 60 65 66 82 87 95 100 104 108 109 112 115 116 118 121 122 123 125 126 127 133 134 135 137 138 140 141 142 147 148 150 151 152 156 157 165 166 169 170 171 172 173 176 181 182 183 184 185 188 192 193 195 196 197 0.24
104 5 8 10 19 20 25 28 36 42 47 50 53 54 57 64 78 79 81 93 97 101 107 108 109 110 113 115 117 118 119 121 122 124 126 128 129 131 134 137 138 140 144 145 147 148 151 152 153 160 162 163 164 167 169 170 172 173 174 176 178 181 183 187 188 190 191 193 195 196 198 0.7
105 4 5 6 7 8 10 16 30 31 35 38 40 42 46 49 51 54 55 60 65 67 71 78 90 94 96 101 108 111 112 113 114 119 121 124 125 127 128 129 130 131 133 135 136 140 141 142 144 145 146 148 152 154 155 160 162 164 165 167 168 170 171 174 175 176 178 181 185 186 190 192 194 197 198 199 0.29
106 8 15 23 28 37 39 40 46 47 53 55 60 61 67 73 75 76 77 79 80 91 97 98 104 105 110 111 112 113 119 123 125 127 129 132 136 137 139 141 142 146 147 148 150 151 160 162 166 168 171 172 173 174 175 176 179 181 182 183 186 187 188 193 194 195 197 199 0.84
107 0 4 8 14 15 28 43 49 51 57 58 59 65 66 69 71 76 78 80 83 87 89 90 91 100 105 106 108 109 110 112 117 118 121 122 124 127 128 130 132 133 134 135 136 137 141 142 143 144 150 151 153 156 157 158 159 161 162 167 168 169 173 174 175 181 182 183 184 185 186 187 188 190 193 194 195 198 0.58
108 3 7 9 10 18 21 24 25 27 30 32 36 39 41 44 45 47 50 51 52 54 58 59 60 65 73 74 79 82 88 97 101 106 110 112 114 116 117 119 120 121 123 124 125 127 129 131 133 134 139 140 142 143 144 146 147 149 153 154 155 156 157 158 159 164 170 172 173 175 176 177 182 183 184 187 188 190 192 196 198 199 0.17
109 2 5 6 21 27 32 42 43 45 52 53 54 55 60 62 63 67 71 78 79 84 85 105 108 111 113 115 116 125 127 128 129 130 133 134 137 138 139 142 146 147 149 150 151 152 155 158 159 162 163 169 171 172 176 181 185 187 188 0.28
110 7 10 11 16 19 20 23 33 34 37 38 49 50 51 54 63 71 72 74 77 79 81 84 87 96 97 98 99 102 109 115 116 117 118 120 121 122 124 129 133 135 137 140 144 146 148 149 150 151 153 155 159 161 164 165 167 170 174 175 177 181 182 186 188 189 190 192 194 195 197 198 199 0.66
111 4 5 6 9 10 27 34 38 40 41 43 53 59 61 62 65 69 72 76 80 81 87 88 90 93 97 99 104 113 116 117 120 121 122 125 126 128 129 130 135 136 137 138 139 140 141 142 144 146 147 148 149 150 152 155 156 157 158 160 164 165 166 167 168 170 171 172 173 178 181 182 183 184 186 187 188 192 193 194 196 199 0.55
112 0 1 2 9 11 17 18 21 30 32 41 46 53 54 55 58 68 70 73 76 78 83 84 88 95 96 97 100 101 102 113 115 116 119 121 124 126 127 128 132 133 135 139 142 143 144 145 149 150 151 153 154 158 159 161 166 167 171 173 180 185 187 189 191 192 193 195 196 197 0.26
113 0 2 3 6 10 18 21 29 31 36 42 44 46 48 53 55 63 66 67 74 75 79 80 87 88 89 91 99 103 107 108 110 114 115 116 119 120 124 128 131 132 133 134 138 139 141 143 144 147 151 153 156 157 158 159 162 163 164 165 171 172 173 174 175 177 178 181 182 183 185 186 187 188 191 192 195 197 199 0.59
114 0 1 2 5 6 13 20 21 31 37 43 44 45 47 50 52 55 58 64 65 67 72 84 86 87 89 91 92 93 95 96 98 101 102 103 104 106 109 110 124 127 131 132 135 136 142 143 147 149 155 160 161 162 163 165 168 169 170 171 175 179 182 183 184 185 186 188 189 190 191 192 196 199 0.36
115 7 9 17 18 22 24 31 34 35 38 46 48 50 60 72 75 76 83 84 86 90 99 105 106 108 111 119 120 122 124 127 129 130 131 133 134 135 137 138 139 140 141 142 145 146 147 148 150 151 153 154 155 159 160 163 167 170 171 173 182 183 189 191 195 197 198 0.19
116 2 3 4 6 9 12 15 18 21 30 32 46 49 51 55 56 58 65 76 77 89 96 106 117 122 125 128 130 131 135 136 137 139 140 141 144 145 146 148 150 151 152 157 158 160 162 164 165 167 168 172 173 174 175 177 179 181 182 183 185 186 187 188 190 191 194 195 197 198 199 0.89
117 0 1 3 5 11 12 14 18 22 23 26 29 30 34 51 76 89 91 95 102 103 105 106 114 115 120 124 125 126 127 129 131 132 133 137 139 140 142 143 144 145 146 147 150 153 154 155 157 164 165 172 174 179 181 182 184 189 190 191 193 195 197 198 0.11
118 0 5 7 9 13 24 25 28 43 46 49 50 56 59 60 62 63 65 74 85 87 88 92 95 96 105 109 111 113 114 119 120 121 122 124 127 130 131 134 135 136 137 140 144 150 151 152 154 156 160 161 163 166 168 171 173 176 177 181 187 189 190 191 192 194 195 196 197 199 0.1
119 1 2 6 9 15 17 18 20 27 37 41 45 49 53 68 73 92 93 100 103 109 114 120 121 122 125 126 127 130 131 132 133 134 135 138 140 141 142 144 145 150 151 152 153 157 159 160 164 165 167 168 171 172 175 176 178 180 181 183 184 186 187 188 189 196 197 0.85
120 2 3 7 14 16 20 29 32 36 39 42 59 60 65 66 69 77 79 80 81 83 84 88 91 96 97 99 102 104 105 106 107 112 114 116 121 123 125 127 129 136 140 142 143 146 147 149 150 151 153 154 156 158 160 165 168 169 170 171 173 174 175 176 177 181 183 184 185 187 188 189 190 192 193 194 195 197 198 0.23
121 8 13 17 24 26 27 33 36 42 43 47 48 50 51 64 65 67 70 73 74 79 80 85 86 87 89 92 96 99 109 115 116 122 124 126 127 131 132 135 136 137 140 142 143 144 150 151 154 155 158 161 162 166 168 172 173 175 176 178 179 180 182 183 191 192 194 195 196 197 198 0.79
122 0 1 2 4 9 10 12 13 18 27 30 39 40 44 58 59 64 67 68 69 77 78 83 86 89 92 93 99 100 114 117 124 125 126 127 128 129 130 132 137 140 144 145 146 148 149 154 155 156 157 160 161 162 163 165 166 168 169 171 172 173 174 178 180 181 182 183 185 187 188 189 193 195 198 199 0.99
123 1 3 4 15 20 27 28 31 34 41 42 45 48 54 56 60 65 66 74 76 85 87 90 100 107 111 112 114 117 118 119 122 124 125 126 127 128 129 137 138 139 140 142 145 146 147 154 157 158 159 160 166 167 168 169 171 175 177 178 179 182 186 187 189 190 191 192 195 197 198 0.41
124 1 5 6 8 9 10 12 14 15 23 32 33 40 41 42 48 55 56 62 70 71 72 75 76 77 79 84 85 86 88 93 96 102 106 109 116 119 125 126 129 130 131 132 134 135 137 138 142 143 144 153 155 156 159 160 163 164 167 170 171 173 174 178 181 182 184 186 187 188 189 196 198 199 0.25
125 2 9 10 13 25 29 30 36 39 41 44 46 49 53 59 62 63 69 70 71 79 80 86 87 95 98 100 104 126 127 129 130 134 135 142 145 148 151 153 155 156 159 160 161 163 165 167 171 172 173 174 177 179 180 186 189 191 199 0.17
126 8 12 16 17 18 29 30 31 32 39 40 41 45 53 55 61 63 66 69 77 78 87 96 97 102 107 113 114 118 127 129 130 132 133 139 140 141 142 143 147 148 149 150 152 156 158 160 161 162 163 165 167 168 169 176 177 180 182 184 185 186 188 189 195 196 197 198 199 0.39
127 10 15 17 19 28 29 37 41 47 49 56 58 59 60 61 62 63 75 80 82 87 91 95 96 97 111 113 116 124 128 130 132 133 135 143 145 149 150 152 153 155 158 159 160 161 162 164 165 166 169 170 171 173 175 179 180 184 190 197 199 0.86
128 1 5 17 18 20 27 33 42 52 64 65 66 68 69 74 80 82 89 93 94 95 102 103 106 108 110 117 118 120 126 131 132 134 138 139 140 142 143 144 145 146 148 150 153 154 160 161 164 165 166 167 168 170 172 176 177 178 179 183 184 190 191 192 193 195 196 197 198 199 0.52
129 1 2 4 7 10 13 24 33 35 42 45 46 47 48 51 58 61 65 66 73 80 85 89 90 94 107 114 116 119 131 133 134 136 139 140 144 148 149 150 153 154 156 160 161 163 164 166 168 170 172 180 182 187 188 190 192 193 194 198 199 0.44
130 0 12 13 18 21 23 29 31 36 38 39 41 45 46 50 53 57 58 61 62 63 67 71 74 75 77 80 83 85 86 90 94 96 97 98 108 117 120 129 133 134 135 136 138 144 145 148 149 151 153 160 161 162 165 168 177 180 181 182 183 184 186 188 189 192 195 196 199 0.1
131 1 3 9 15 17 19 21 24 25 28 30 34 37 43 45 46 47 52 55 63 68 74 78 83 86 93 97 98 103 109 110 112 122 123 125 130 134 135 137 138 139 140 142 143 146 148 150 151 157 159 160 161 162 163 164 166 167 170 171 173 176 179 180 182 187 188 189 191 192 193 195 196 0.39
132 3 5 6 21 25 26 30 33 37 47 48 50 53 60 61 73 77 81 84 86 93 97 105 115 116 125 129 130 131 133 134 135 138 139 140 141 142 144 145 146 149 150 151 152 153 154 156 157 160 161 163 164 166 169 172 174 178 180 181 182 184 185 186 187 188 189 191 195 198 0.41
133 5 8 9 10 11 17 20 31 35 43 44 46 48 49 54 56 59 60 65 71 75 76 77 80 81 89 92 98 106 111 116 118 120 121 131 134 137 138 139 140 142 149 154 156 157 159 160 162 163 164 169 170 172 178 179 185 191 192 193 194 195 197 198 0.87
134 6 10 11 19 22 27 32 33 44 46 51 52 53 60 66 68 77 78 82 86 87 88 90 100 106 111 112 120 122 127 135 139 141 151 152 154 155 158 160 161 162 163 166 168 169 170 172 174 175 177 179 180 182 184 185 186 187 189 192 193 194 195 199 0.57
135 3 8 11 13 17 24 28 35 40 42 44 45 46 47 58 59 70 71 75 76 82 83 84 85 86 88 89 93 101 104 106 108 109 122 126 129 133 136 140 141 142 144 146 147 149 150 151 153 154 155 156 161 162 163 164 166 168 171 174 176 177 179 181 185 186 191 192 197 0.64
136 1 2 5 15 19 24 25 27 28 32 34 41 43 44 51 52 70 71 74 81 84 86 88 95 96 108 109 110 113 115 117 119 123 124 126 128 132 133 137 138 140 141 142 144 146 148 150 151 154 155 157 158 161 162 167 170 171 172 173 174 177 178 181 182 183 184 187 189 190 191 192 193 198 199 0.08
137 1 3 7 16 19 24 28 32 33 36 44 56 60 66 71 73 74 80 82 84 86 90 112 120 125 127 128 129 132 135 139 140 145 146 148 149 152 154 155 156 157 158 159 161 162 163 164 166 167 168 172 173 174 175 176 177 179 181 182 187 189 190 191 192 194 197 198 0.95
138 13 16 21 23 26 28 34 44 47 52 53 55 59 61 63 69 70 77 82 85 88 89 92 94 95 96 105 106 107 108 110 114 116 117 118 125 126 139 141 143 144 146 150 155 158 159 164 165 166 167 168 169 170 171 172 173 176 177 181 183 184 185 188 190 191 192 194 195 197 0.0
139 1 2 6 9 10 13 19 23 25 31 39 44 49 57 59 62 64 77 78 80 81 82 83 85 86 90 93 104 118 120 122 124 125 127 136 141 143 144 145 146 150 152 153 155 156 158 159 160 161 162 163 164 165 167 168 170 171 175 176 177 179 184 186 190 191 192 193 194 195 196 197 198 0.05
140 1 7 11 12 13 14 21 23 25 28 32 34 40 48 56 57 62 70 73 74 75 77 85 86 91 94 95 96 106 109 113 124 127 134 145 146 149 151 154 155 158 159 166 171 172 175 177 182 183 184 185 187 189 193 195 196 197 198 0.78
141 2 4 9 11 33 35 38 47 49 55 58 63 71 72 74 75 80 82 85 92 96 101 102 108 109 110 112 114 118 122 125 129 142 143 144 146 147 148 149 151 157 158 159 161 164 166 169 171 173 176 179 181 185 186 189 190 193 196 199 0.57
142 3 12 19 25 28 29 40 48 49 50 52 55 57 58 60 63 66 71 77 78 81 82 90 93 95 96 101 104 113 116 122 134 139 143 147 148 149 150 151 153 155 158 160 161 163 164 165 167 170 178 179 181 183 188 192 194 195 197 0.75
143 0 2 9 10 28 31 33 35 40 41 42 47 57 61 62 65 67 76 84 92 94 100 101 105 110 111 115 116 118 119 129 132 133 137 140 148 150 154 155 156 159 162 163 168 170 173 174 175 176 178 180 183 185 188 189 192 194 195 196 197 0.64
144 3 4 9 11 13 14 22 24 28 30 36 42 43 47 53 55 58 63 70 78 79 89 91 96 98 99 106 123 125 131 133 134 142 143 145 150 151 152 154 155 158 159 161 165 166 167 170 172 173 177 178 180 184 185 186 188 189 192 195 197 199 0.83
145 7 8 10 11 12 14 22 23 24 27 35 38 45 46 53 63 66 68 69 73 80 84 93 94 95 96 98 102 103 108 113 124 126 129 134 135 142 148 151 153 154 159 160 161 164 165 166 168 169 171 172 174 177 178 180 184 185 186 188 189 190 191 192 193 196 198 0.29
146 0 4 19 24 25 27 28 30 34 35 37 51 58 66 69 71 73 79 82 85 88 92 101 107 112 114 121 125 129 130 134 143 147 150 151 153 154 155 156 158 161 164 167 168 170 171 173 174 176 177 178 181 182 183 186 190 191 193 194 196 0.66
147 1 4 5 8 17 18 19 20 22 23 28 30 32 36 42 43 45 46 48 50 54 64 66 68 77 78 82 92 101 105 112 119 121 130 133 137 138 139 140 144 148 149 150 151 158 161 162 166 167 173 174 177 178 179 180 181 182 184 188 189 192 196 197 199 0.1
148 1 11 14 15 21 25 33 44 45 46 52 57 61 67 71 73 79 80 84 89 91 94 95 96 97 101 107 108 109 112 114 120 127 132 140 144 146 149 151 152 153 154 155 156 158 162 167 168 169 170 174 175 176 183 188 190 193 195 198 199 0.55
149 7 9 11 13 14 18 26 27 38 42 48 56 64 65 69 70 75 77 79 80 81 82 84 86 89 92 93 96 97 99 101 104 113 116 118 123 124 131 134 136 143 145 151 152 154 158 160 161 168 170 171 172 174 175 176 178 182 183 184 185 186 189 190 191 192 193 195 198 0.33
150 2 4 6 10 17 28 31 49 55 64 72 76 77 78 80 81 83 84 85 86 92 94 99 104 105 108 113 114 123 125 134 137 145 148 149 151 152 156 161 162 163 164 165 169 170 171 172 178 179 181 184 185 188 189 195 198 199 0.75
151 5 8 9 13 17 21 24 25 32 35 37 40 42 48 49 51 54 56 60 62 65 66 73 75 87 88 99 102 108 111 123 126 129 137 138 139 156 158 159 162 165 166 167 168 171 172 173 174 176 180 181 185 186 188 189 191 192 194 196 197 198 199 0.91
152 0 2 9 11 13 19 22 25 30 31 39 40 43 44 48 63 68 73 80 81 82 91 92 94 98 99 108 110 113 114 120 121 124 128 130 131 133 136 140 142 143 145 146 147 153 155 160 161 163 165 168 171 172 176 179 182 183 184 185 186 187 188 189 192 193 194 196 198 0.75
153 0 4 9 10 12 14 15 23 29 33 37 41 46 47 48 50 53 54 55 57 59 65 69 71 81 82 85 96 99 101 102 103 106 111 114 116 121 126 134 138 141 143 147 151 155 157 158 159 160 161 164 166 168 169 170 171 173 174 175 176 177 179 181 182 183 184 185 186 191 197 0.71
154 1 2 5 7 9 12 14 15 21 27 29 32 33 42 46 53 61 63 65 67 74 84 85 86 90 92 97 99 100 101 102 111 113 114 125 126 127 130 138 141 142 147 150 151 155 157 158 160 161 162 166 167 168 169 171 173 174 175 176 178 179 181 183 184 187 192 193 194 197 198 0.04
155 0 4 6 11 15 16 18 22 24 28 30 38 39 44 45 52 53 54 57 59 60 62 65 66 68 74 78 81 87 95 98 100 101 106 107 113 120 126 129 130 132 145 149 150 151 156 157 159 160 167 168 170 171 172 173 174 175 176 177 178 180 181 183 185 187 188 190 192 193 196 0.73
156 0 2 3 5 8 10 16 22 29 34 38 45 46 53 59 66 72 73 74 75 77 83 84 86 87 95 104 105 110 112 114 116 119 121 123 134 138 147 154 159 160 161 163 164 165 167 168 171 176 179 181 185 187 188 192 193 195 0.81
157 5 6 7 12 20 23 34 38 42 47 48 49 55 58 62 63 65 67 72 73 74 79 86 87 88 89 90 96 99 104 109 110 114 118 120 121 124 125 127 128 134 135 138 140 142 143 147 148 160 165 166 170 171 172 174 175 176 177 178 179 181 183 184 186 187 188 189 190 191 194 195 196 197 0.06
158 5 7 14 16 19 21 24 25 26 28 33 43 45 47 49 54 60 63 68 70 73 81 85 91 94 105 115 117 119 122 124 125 128 130 131 135 143 152 157 159 160 161 163 165 167 168 169 170 175 176 178 179 180 181 183 184 187 190 191 192 195 196 198 199 0.41
159 7 14 18 19 20 26 29 33 34 35 41 43 44 49 53 57 59 66 67 70 71 73 74 78 79 85 88 97 99 106 111 114 116 117 120 122 126 128 129 134 135 142 147 149 150 160 163 168 173 174 175 176 179 182 184 185 188 191 192 193 194 195 196 197 198 199 0.44
160 7 17 18 19 20 21 24 26 43 49 52 54 57 58 59 60 61 64 66 68 76 83 84 87 89 95 98 99 101 108 109 110 113 117 121 135 136 138 141 143 144 146 147 148 151 161 164 166 167 168 170 172 173 175 176 179 186 188 190 191 195 197 199 0.79
161 7 13 16 24 30 34 39 43 45 54 59 62 73 75 79 82 83 88 89 90 91 92 97 98 101 103 105 109 111 116 123 124 151 157 162 163 164 165 167 171 172 173 174 177 178 180 184 185 186 188 190 191 193 194 195 196 197 199 0.51
162 0 8 11 16 20 21 22 23 25 28 33 38 39 40 43 45 49 53 54 64 69 78 79 80 100 108 110 111 115 117 120 123 124 132 138 140 141 142 144 145 153 163 164 166 170 174 175 176 178 180 183 188 189 193 194 197 198 199 0.04
163 4 15 20 21 24 28 29 33 46 53 56 59 69 76 80 83 85 89 91 94 96 102 103 105 106 107 108 110 112 116 120 123 128 130 136 140 141 144 145 146 147 148 149 151 154 155 160 164 165 167 169 171 172 173 179 183 188 189 191 193 195 196 0.54
164 0 6 10 11 21 28 30 32 38 43 46 54 70 79 82 83 85 86 92 94 95 100 102 107 109 112 114 115 118 121 123 125 126 130 143 147 152 154 155 158 159 166 168 169 171 174 175 177 178 182 184 185 186 190 191 197 0.12
165 2 4 8 14 20 21 32 48 69 70 71 76 81 89 92 95 96 100 108 109 112 115 118 121 123 129 132 133 136 143 148 149 153 160 162 164 166 168 169 170 171 172 173 174 175 176 177 180 184 186 187 188 191 193 194 195 0.22
166 0 9 16 19 25 29 31 32 34 39 43 49 51 56 58 60 64 65 69 74 76 84 91 107 108 109 110 116 119 124 125 126 136 142 143 146 148 149 152 156 159 163 168 169 171 172 174 175 176 177 179 180 181 182 183 186 189 190 195 196 197 198 199 0.42
167 6 11 15 17 19 24 29 32 35 37 38 45 48 50 56 58 59 60 62 66 69 70 79 84 88 103 108 118 121 127 130 132 133 134 135 140 141 143 149 150 152 153 165 166 168 169 172 173 175 176 179 181 182 187 188 192 193 195 198 199 0.88
168 3 5 14 19 23 27 28 31 35 39 46 52 59 60 63 68 72 78 81 89 93 95 96 97 103 108 109 110 117 125 127 133 140 141 161 170 171 172 173 176 177 178 182 183 184 190 191 192 194 196 198 199 0.39
169 1 5 7 13 14 19 23 24 26 27 28 29 31 33 38 41 46 48 51 52 54 58 69 71 72 74 78 82 85 86 87 100 102 108 110 116 117 119 121 130 131 135 136 137 140 143 144 149 151 159 161 172 175 176 177 179 183 187 188 191 193 194 195 197 0.62
170 3 5 7 8 11 12 14 18 20 23 28 30 32 38 40 41 42 53 54 55 56 62 70 72 73 75 78 82 86 93 112 116 117 118 119 121 125 135 137 140 151 161 167 169 172 174 176 179 181 183 184 186 188 190 191 196 0.32
171 0 8 9 12 17 18 20 28 31 38 42 45 48 56 59 63 64 67 68 72 74 84 85 89 93 96 104 107 108 116 126 128 129 130 132 142 148 158 159 167 169 172 174 175 176 185 187 189 190 193 195 197 0.74
172 4 15 16 19 23 24 25 28 30 32 36 38 41 49 50 52 57 60 66 74 80 81 86 93 94 97 107 112 120 127 131 135 139 142 146 148 159 162 164 176 178 180 181 187 188 190 191 193 194 197 198 0.62
173 9 22 27 30 37 40 52 64 68 79 83 84 94 100 102 105 109 110 114 123 126 128 129 133 134 135 140 148 150 158 166 171 172 175 177 182 185 187 188 189 190 193 194 195 196 197 198 0.56
174 0 1 4 10 13 18 20 25 27 30 34 37 38 39 40 55 57 61 62 71 73 92 93 111 118 119 126 127 129 130 133 142 144 160 167 168 169 175 177 178 179 181 183 185 186 188 192 0.88
175 1 7 13 16 17 20 22 24 26 27 29 33 36 37 39 40 43 51 53 56 57 63 69 75 77 92 97 103 111 117 118 122 128 129 131 132 133 135 138 141 142 145 146 150 151 152 163 168 170 172 177 178 179 181 182 183 184 185 191 192 193 199 0.74
176 2 6 18 31 33 36 41 47 50 63 65 66 67 69 71 76 78 80 81 92 94 95 96 101 107 111 113 114 115 117 122 130 132 142 144 145 147 150 163 164 174 175 177 179 180 181 182 183 184 185 187 188 189 192 193 194 195 199 0.7
177 0 5 7 8 10 11 18 29 38 40 56 64 71 72 73 77 78 79 83 85 86 88 90 95 99 101 102 104 105 106 107 109 114 119 121 127 129 131 132 133 156 158 162 163 170 179 181 182 185 186 190 191 192 194 196 197 199 0.3
178 3 8 13 14 15 17 21 22 23 28 29 31 32 33 35 37 48 49 59 64 68 79 84 91 94 96 101 106 112 114 115 117 118 120 126 129 130 131 134 138 141 151 160 165 169 171 173 180 184 185 186 187 189 191 192 193 194 195 0.42
179 5 13 14 15 22 24 25 33 37 43 45 52 58 60 63 66 73 80 83 86 89 90 93 104 108 109 110 112 113 115 119 122 126 129 130 132 140 143 144 145 146 148 149 161 165 168 171 172 173 185 187 189 190 191 192 193 198 0.71
180 0 11 17 20 22 27 28 29 32 34 35 36 37 40 41 43 50 51 53 54 56 60 63 66 73 80 86 90 94 105 107 114 116 118 123 124 133 138 139 140 142 148 149 150 153 154 156 157 163 167 169 171 173 174 179 182 186 187 188 189 190 191 193 194 195 196 198 0.31
181 5 6 12 13 17 25 26 31 38 45 49 50 58 60 61 64 67 69 73 74 82 91 93 94 95 96 100 115 121 123 125 127 129 131 133 139 140 143 145 149 161 162 163 164 165 168 169 179 182 183 186 188 189 190 196 197 0.5
182 3 5 7 21 22 23 26 27 29 33 39 46 48 60 61 68 69 71 87 101 112 118 119 120 125 133 139 141 142 144 155 157 160 162 165 169 170 172 178 183 186 187 188 194 196 199 0.3
183 0 1 2 5 7 9 11 16 17 19 20 22 23 24 27 32 36 40 44 46 52 55 59 68 70 71 72 73 76 79 88 89 90 96 99 109 117 118 125 133 135 139 144 147 156 160 161 171 172 178 184 186 188 189 190 191 193 195 198 0.17
184 2 3 5 7 12 20 21 22 23 24 34 53 54 56 64 66 68 69 72 77 82 84 85 90 94 100 101 104 105 116 118 121 123 125 129 133 135 137 142 146 148 155 163 172 174 177 179 185 186 189 190 191 194 196 197 198 199 0.18
185 0 4 6 8 10 14 24 27 31 35 47 49 57 61 63 76 81 88 89 92 93 94 99 100 106 108 110 117 119 121 123 125 127 128 130 137 142 148 154 157 163 165 166 168 170 180 181 182 183 188 189 190 191 195 196 197 199 0.97
186 1 4 5 9 16 17 20 21 22 27 30 36 40 41 44 52 54 59 62 63 65 76 79 86 87 89 90 95 96 97 98 102 103 104 108 112 115 117 118 120 121 122 128 136 138 143 147 148 150 155 163 167 168 169 171 173 179 187 188 194 195 196 198 199 0.99
187 0 6 16 28 31 32 36 41 43 46 51 53 60 62 65 70 71 75 78 80 84 88 89 90 92 94 97 98 103 110 115 121 126 127 128 130 133 135 139 144 146 149 150 153 159 160 161 162 163 166 168 170 175 183 185 188 189 190 191 192 194 197 198 199 0.52
188 3 10 25 30 33 53 56 75 76 83 84 86 89 100 101 118 123 127 128 134 139 140 149 158 177 191 193 194 197 0.74
189 0 1 10 11 16 24 25 27 28 35 36 37 45 50 51 52 53 54 63 70 74 85 94 103 104 107 108 109 113 121 127 129 133 138 142 146 153 154 156 159 160 161 170 172 174 182 186 190 191 194 195 196 198 0.51
190 3 11 12 14 15 21 28 29 31 32 37 38 40 41 42 44 50 68 71 75 80 82 83 86 91 95 111 112 113 121 124 126 131 132 134 135 150 151 153 156 159 163 165 167 169 175 176 182 186 188 192 194 196 198 0.27
191 4 8 13 17 23 32 33 39 42 44 45 46 47 48 52 55 64 71 74 75 76 78 80 89 92 97 99 100 103 106 108 122 127 129 130 134 140 143 144 147 152 154 156 167 171 173 174 190 192 194 195 196 197 198 0.28
192 0 13 15 16 21 24 28 34 35 37 39 41 46 58 61 70 74 79 83 86 87 93 107 115 122 124 127 132 146 150 157 161 163 164 170 171 172 180 182 185 188 196 197 198 0.03
193 3 4 18 25 30 35 39 41 42 43 45 48 56 59 62 70 72 80 81 83 88 90 91 105 118 125 126 130 137 138 142 143 144 151 153 158 160 174 177 182 186 189 190 191 195 196 0.24
194 3 5 10 17 24 26 35 36 39 46 54 55 59 64 75 77 79 83 85 91 92 95 97 98 103 104 108 112 113 114 117 119 124 125 131 135 136 140 141 144 147 149 155 156 158 160 164 166 171 175 179 181 185 192 193 195 197 199 0.86
195 3 5 6 15 17 25 28 32 34 39 44 45 46 50 52 56 57 58 61 62 63 64 66 70 78 80 81 86 109 114 125 135 137 141 147 151 152 164 168 172 175 177 181 184 198 0.88
196 1 6 7 12 13 14 18 21 22 25 27 30 32 37 41 44 47 51 62 65 66 69 72 80 82 85 87 92 93 95 96 98 106 113 115 116 117 120 122 123 125 129 133 134 136 138 142 148 153 160 164 165 178 183 187 194 197 198 0.75
197 0 3 10 13 14 17 21 23 25 27 28 33 37 41 44 63 66 73 74 82 83 93 94 95 96 100 101 104 108 111 124 125 141 145 148 149 152 158 163 168 170 175 179 182 186 193 198 0.12
198 1 2 7 10 12 14 23 28 29 36 39 48 51 55 56 64 72 77 80 81 85 86 103 106 111 112 119 138 143 144 146 147 156 157 161 164 170 171 175 177 182 193 194 199 0.9
199 0 2 12 13 20 22 31 35 37 39 41 49 50 63 66 68 69 71 77 82 87 93 94 95 98 103 104 107 112 115 117 120 131 133 135 138 140 143 145 149 154 155 156 163 164 169 170 171 173 174 179 180 181 183 188 189 192 193 195 0.7
